8200
8204
8208
24596
24600
24604
24576
32800
40996
41000
49196
49200
49204
65592
65596
65600
73796
73800
73804
82000
82004
82008
90204
90208
98404
122984
122988
122992
131188
147576
147580
172160
172164
172168
180364
196752
196756
196760
204956
204960
213156
221352
221356
229552
229556
229560
237756
245952
245956
262344
262348
270544
286932
295128
303324
303328
303332
311528
311532
311536
319732
319736
327932
327936
327940
344328
344332
344336
352532
360728
360732
360736
368932
368936
377132
377136
385332
385336
393532
418112
418116
434504
434508
442704
442708
475480
475484
483680
483684
491880
491884
500080
500084
508280
508284
508288
516484
524680
532876
532880
541076
541080
549276
565664
565668
582056
582060
582064
590260
590264
590268
606656
614852
614856
614860
623056
623060
631256
655836
655840
655844
664040
672236
672240
672244
680440
680444
696832
696836
696840
705036
713232
713236
713240
721436
737824
737828
737832
746028
754224
754228
754232
778812
778816
778820
787016
795212
811600
811604
819800
819804
828000
828004
828008
836204
836208
836212
844408
844412
868992
877188
885384
885388
885392
901780
901784
926364
926368
926372
934568
934572
934576
942772
942776
942780
950976
950980
950984
959180
959184
967380
967384
975580
983776
983780
983784
1000172
1000176
1016564
1024760
1024764
1032960
1041156
1041160
1057548
1073936
1090324
1090328
1123100
1123104
1131300
1139496
1139500
1139504
1147700
1155896
1155900
1155904
1164100
1164104
1164108
1172304
1172308
1172312
1180508
1180512
1180516
1188712
1188716
1188720
1205108
1205112
1213308
1221504
1221508
1221512
1229708
1237904
1246100
1254296
1254300
1254304
1270692
1270696
1278892
1295280
1303476
1311672
1319868
1319872
1336260
1336264
1344460
1352656
1352660
1352664
1360860
1360864
1360868
1369064
1377260
1385456
1385460
1385464
1418236
1417216
1449988
1449992
1449996
1458192
1466388
1466392
1474588
1474592
1474596
1482792
1482796
1482800
1490996
1491000
1507388
1507392
1507396
1515592
1523788
1540176
1540180
1548376
1548380
1556576
1556580
1564776
1572972
1605744
1613940
1613944
1613948
1622144
1622148
1622152
1638540
1638544
1638548
1654936
1663132
1679520
1687716
1687720
1695916
1720496
1720500
1720504
1761468
1769664
1777860
1777864
1786060
1794256
1794260
1818840
1818844
1827040
1835236
1835240
1835244
1843440
1843444
1843448
1851644
1851648
1859844
1859848
1859852
1868048
1884436
1884440
1892636
1892640
1909028
1909032
1909036
1917232
1925428
1933624
1933628
1941824
1950020
1950024
1950028
1958224
1958228
1966424
1966428
1974624
1974628
1974632
1982828
1982832
1991028
1991032
1991036
1999232
2023812
2040200
2040204
2048400
2048404
2048408
2056604
2056608
2056612
2064808
2064812
2064816
2073012
2073016
2073020
2081216
2081220
2089416
2089420
464
468
472
8668
8672
8676
16872
49644
49648
57844
57848
66044
66048
74244
74248
90636
98832
115220
115224
115228
131616
131620
139816
139820
139824
148020
148024
172604
180800
180804
197192
197196
197200
205396
221784
221788
221792
238180
246376
254572
254576
254580
262776
287356
287360
287364
295560
295564
303760
328340
336536
336540
336544
344740
344744
361132
369328
369332
369336
385724
385728
385732
393928
402124
402128
402132
410328
410332
410336
418532
418536
418540
426736
426740
426744
434940
443136
443140
451336
459532
459536
459540
467736
467740
467744
484132
484136
484140
492336
492340
500536
500540
500544
508740
516936
525132
525136
533332
533336
549724
549728
549732
566120
574316
574320
574324
582520
582524
590720
590724
590728
607116
607120
615316
615320
615324
623520
623524
623528
631724
631728
639924
648120
648124
656320
656324
664520
680908
680912
680916
689112
689116
697312
697316
721896
721900
721904
738292
738296
738300
745472
745476
745480
753676
761872
761876
778264
778268
778272
786468
794664
802860
811056
819252
827448
827452
835648
843844
843848
852044
852048
868436
876632
884828
884832
893028
893032
901228
909424
909428
917624
934012
934016
934020
950408
950412
950416
958612
958616
966812
966816
966820
975016
975020
975024
983220
983224
983228
999616
1007812
1007816
1016012
1016016
1032404
1032408
1032412
1040608
1040612
1048808
1048812
1048816
1057012
1065208
1065212
1073408
1081604
1089800
1089804
1114384
1122580
1122584
1138972
1138976
1138980
1147176
1147180
1155376
1163572
1171768
1171772
1179968
1179972
1179976
1188172
1188176
1188180
1196376
1196380
1204576
1204580
1204584
1229164
1237360
1237364
1237368
1245564
1245568
1245572
1261960
1261964
1270160
1286548
1286552
1286556
1294752
1294756
1302952
1302956
1311152
1311156
1319352
1319356
1319360
1327556
1335752
1335756
1343952
1360340
1368536
1376732
1393120
1401316
1417704
1425900
1434096
1434100
1434104
1442300
1442304
1442308
1458696
1458700
1483280
1483284
1483288
1499676
1499680
1516068
1516072
1524268
1540656
1540660
1540664
1548860
1557056
1565252
1565256
1573452
1581648
1630804
1639000
1647196
1663584
1663588
1671784
1671788
1671792
1704564
1712760
1712764
1720960
1720964
1729160
1729164
1729168
1745556
1753752
1770140
1778336
1778340
1778344
1786540
1786544
1786548
1794744
1794748
1827520
1827524
1827528
1835724
1868496
1868500
1876696
1876700
1884896
1893092
1893096
1893100
1901296
1909492
1917688
1917692
1917696
1925892
1925896
1925900
1934096
1934100
1934104
1958684
1958688
1966884
1975080
1991468
1991472
1999668
1999672
1999676
2007872
2016068
2016072
2016076
2024272
2032468
2032472
2057052
2057056
2057060
2065256
2065260
2073456
2073460
2081656
2081660
9088
17284
25480
25484
33680
33684
33688
41884
58272
58276
58280
66476
91056
91060
91064
99260
115648
115652
115656
123852
140240
148436
148440
164828
173024
173028
173032
205804
205808
205812
230392
238588
253952
253956
262152
270348
270352
270356
278552
278556
278560
286756
319528
319532
319536
327732
327736
335932
335936
344132
352328
352332
352336
376916
376920
393308
401504
401508
409704
417900
417904
417908
426104
426108
434304
434308
434312
442508
442512
450708
458904
458908
467104
467108
475304
475308
475312
483508
491704
491708
508096
508100
532680
540876
540880
549076
549080
573660
573664
590052
590056
590060
614640
614644
614648
639228
655616
672004
680200
680204
680208
688404
688408
688412
696608
704804
704808
713004
745776
762164
762168
762172
778560
778564
778568
786764
794960
803156
827736
827740
835936
835940
844136
852332
868720
876916
876920
885116
885120
893316
893320
893324
917904
917908
917912
934300
934304
942500
942504
950700
950704
950708
958904
958908
983488
983492
983496
1008076
1016272
1016276
1016280
1024476
1024480
1032676
1032680
1040876
1040880
1040884
1049080
1057276
1057280
1065476
1081864
1081868
1081872
1090068
1090072
1114652
1114656
1114660
1122856
1122860
1122864
1131060
1131064
1155644
1155648
1155652
1163848
1163852
1163856
1172052
1180248
1180252
1180256
1204836
1213032
1213036
1213040
1237620
1245816
1245820
1262208
1262212
1262216
1278604
1278608
1278612
1286808
1295004
1295008
1295012
1303208
1303212
1303216
1327796
1327800
1335996
1336000
1344196
1368776
1376972
1385168
1393364
1401560
1401564
1409760
1417956
1417960
1417964
1426160
1434356
1434360
1442556
1450752
1458948
1458952
1467148
1467152
1467156
1475352
1491740
1491744
1499940
1508136
1516332
1516336
1516340
1524536
1532732
1532736
1532740
1540936
1557324
1581904
1581908
1598296
1606492
1606496
1614692
1622888
1631084
1639280
1639284
1639288
1647484
1647488
1647492
1672072
1672076
1688464
1688468
1688472
1704860
1704864
1721252
1729448
1737644
1737648
1737652
1745848
1745852
1745856
1754052
1762248
1762252
1762256
1778644
1786840
1786844
1795040
1795044
1811432
1811436
1811440
1819636
1819640
1827836
