4104
4108
4112
8212
8216
12316
12320
16420
20520
20524
36912
36916
45112
45116
49216
53316
53320
57420
57424
61524
69720
69724
73824
77924
77928
82028
82032
86132
90232
90236
94336
94340
102536
102540
106640
106644
110744
114844
114848
118948
123048
123052
131248
135348
139448
143548
143552
147652
147656
155852
168144
168148
176344
176348
180448
180452
184552
188652
188656
192756
192760
196860
196864
200964
205064
205068
209168
209172
217368
217372
221472
221476
225576
229676
233776
233780
237880
241980
241984
246084
246088
250188
250192
254292
258392
262492
262496
266596
266600
270700
278896
278900
283000
287100
287104
291204
295304
295308
299408
303508
307608
307612
311712
319908
324008
324012
328112
336308
336312
340412
344512
352708
360904
365004
365008
369108
373208
373212
381408
381412
385512
401900
406000
414196
422392
422396
430592
434692
438792
438796
442896
446996
447000
451100
451104
455204
463400
463404
467504
467508
471608
475708
479808
479812
483912
488012
492112
496212
500312
500316
504416
508516
520808
520812
529008
537204
537208
541308
541312
545412
549512
549516
553616
557716
557720
561820
561824
570020
574120
578220
582320
586420
586424
590524
590528
602820
606920
606924
611024
615124
619224
619228
627424
627428
631528
631532
635632
639732
643832
643836
664320
672516
680712
684812
693008
697108
701208
709404
709408
725796
738088
746284
746288
750388
750392
754492
758592
758596
770888
770892
774992
774996
787288
791388
791392
795492
799592
807788
807792
811892
811896
820092
820096
824196
832392
836492
840592
840596
844696
844700
848800
848804
857000
857004
861104
861108
865208
869308
869312
877508
881608
881612
889808
889812
898008
902108
914400
914404
918504
918508
922608
922612
930808
930812
934912
939012
947208
951308
959504
963604
963608
967708
967712
971812
971816
980012
988208
992308
992312
1000508
1000512
1008708
1016904
1025100
1025104
1029204
1029208
1033308
1033312
1037412
1045608
1045612
1053808
1053812
1062008
1066108
1066112
1070212
1074312
1074316
1078416
1078420
1082520
1082524
1086624
1094820
1098920
1098924
1103024
1103028
1107128
1107132
1111232
1111236
1119432
1123532
1123536
1127636
1139928
1144028
1160416
1168612
1168616
1172716
1172720
1176820
1176824
1180924
1180928
1189124
1193224
1201420
1209616
1221908
1221912
1230108
1234208
1238308
1238312
1246508
1246512
1250612
1258808
1258812
1267008
1267012
1271112
1275212
1279312
1279316
1283416
1295708
1308000
1312100
1316200
1320300
1332592
1336692
1336696
1348988
1348992
1353092
1353096
1357196
1365392
1365396
1369496
1373596
1385888
1385892
1394088
1394092
1402288
1406388
1406392
1414588
1422784
1422788
1426888
1439180
1443280
1443284
1455576
1459676
1463776
1463780
1467880
1467884
1471984
1471988
1476088
1476092
1480192
1480196
1484296
1484300
1492496
1492500
1496600
1500700
1500704
1504804
1504808
1508908
1508912
1513012
1513016
1525308
1529408
1529412
1533512
1541708
1554000
1558100
1558104
1562204
1566304
1582692
1582696
1586796
1586800
1590900
1590904
1595004
1595008
1599108
1599112
1607308
1627792
1631892
1631896
1644188
1648288
1652388
1652392
1656492
1656496
1660596
1660600
1664700
1664704
1672900
1672904
1677004
1677008
1681108
1689304
1689308
1697504
1705700
1709800
1717996
1718000
1722100
1722104
1730300
1730304
1738500
1746696
1750796
1758992
1758996
1763096
1767196
1779488
1779492
1783592
1783596
1787696
1791796
1799992
1799996
1804096
1808196
1812296
1812300
1816400
1816404
1824600
1824604
1828704
1828708
1836904
1836908
1841008
1841012
1849208
1853308
1853312
1857412
1857416
1861516
1869712
1877908
1882008
1886108
1894304
1894308
1898408
1906604
1906608
1910708
1923000
1927100
1927104
1931204
1935304
1939404
1939408
1951700
1951704
1963996
1972192
1976292
1984488
1988588
2000880
2000884
2009080
2013180
2013184
