1032
1036
1040
2068
2072
2076
3104
3108
4136
5164
5168
6196
7224
7228
11328
12356
12360
13388
13392
15444
15448
16476
16480
17508
19560
20588
20592
23668
24696
24700
29824
29828
31880
32908
34960
34964
35992
35996
37024
37028
38056
38060
40112
40116
43192
44220
44224
45252
46280
48332
48336
50388
50392
53468
53472
55524
56552
56556
57584
58612
58616
59644
59648
60676
63752
64780
64784
66836
67864
68892
69920
69924
70952
70956
74032
75060
76088
76092
77120
78148
79176
79180
81232
81236
83288
84316
84320
88420
88424
90476
90480
92532
94584
94588
95616
96644
96648
97676
97680
98708
101784
101788
102816
103844
103848
104876
105904
105908
108984
108988
111040
111044
112072
117196
117200
118228
118232
120284
120288
121316
121320
122348
122352
123380
126456
126460
130560
