2056
2060
2064
4116
4120
6172
6176
8228
14376
16428
18480
22580
22584
24636
28736
30788
30792
36940
36944
38996
39000
41052
43104
43108
45160
45164
49264
49268
51320
53372
53376
55428
59528
59532
63632
63636
67736
67740
69792
71844
71848
75948
75952
78004
78008
82108
86208
86212
88264
88268
90320
92372
92376
94428
94432
96484
108776
110828
114928
114932
116984
121084
121088
125188
125192
127244
129296
129300
131352
131356
133408
137508
139560
139564
145712
145716
147768
149820
151872
151876
153928
153932
155984
155988
160088
160092
162144
162148
164200
166252
166256
168308
172408
172412
174464
178564
178568
180620
182672
182676
186776
192924
197024
199076
199080
201132
201136
211380
211384
213436
213440
215492
215496
217548
217552
219604
219608
221660
223712
229860
231912
233964
233968
236020
236024
238076
240128
240132
242184
242188
244240
244244
248344
250396
254496
254500
258600
258604
264752
264756
266808
268860
268864
270916
270920
272972
272976
275028
283224
283228
287328
287332
291432
293484
293488
295540
295544
299644
301696
301700
303752
303756
305808
305812
307864
307868
309920
309924
314024
316076
316080
326324
328376
330428
332480
332484
334536
336588
338640
344788
346840
346844
348896
348900
353000
353004
355056
355060
357112
357116
361216
365316
365320
367372
369424
369428
371480
373532
375584
375588
377640
381740
385840
385844
389944
391996
394048
396100
398152
400204
404304
406356
408408
408412
412512
414564
414568
416620
418672
418676
420728
422780
422784
428932
430984
430988
433040
435092
435096
437148
437152
439204
439208
441260
445360
449460
449464
451516
451520
453572
453576
455628
455632
459732
461784
465884
467936
469988
474088
474092
476144
478196
482296
482300
484352
