32778
32780
32785
65556
65561
65565
131072
196640
196647
262187
262189
327728
360503
360504
393277
393282
393287
426057
458831
458833
458838
491609
491615
491619
557157
589928
589935
655473
655477
655483
688252
688256
753797
852106
852111
852115
917654
917657
983196
983202
983206
1015979
1015982
1015987
1048756
1048762
1048766
1081539
1114308
1114313
1114319
1147089
1179860
1179865
1179868
1212643
1212644
1212649
1278190
1278195
1310966
1310970
1343742
1343744
1343750
1376523
1409293
1409298
1409303
1442074
1442079
1442081
1474853
1507625
1507631
1540403
1540405
1540409
1573181
1605953
1605956
1638731
1704271
1704275
1737045
1737050
1802589
1802593
1802598
1835371
1835373
1835378
1900919
1933690
1933695
1933697
1966470
1966474
1999246
2064786
2064788
2195864
2228637
2228642
2228647
2294184
2294191
2326961
2326966
2326970
2359740
2425281
2458052
2458058
2490829
2490834
2490837
2523609
2523612
2523616
2556391
2589163
2621934
2621938
2621943
2654715
2654716
2720259
2720262
2720266
2753038
2753040
2785812
2851355
2851359
2851363
2884132
2884136
2884142
2916915
2916917
2949688
2949694
2949698
2982471
3015243
3015247
3080786
3146324
3146329
3179103
3211872
3211876
3244651
3244655
3342960
3375734
3375737
3408511
3474051
3474052
3506827
3506830
3506835
3539607
3539608
3539615
3572386
3572388
3572393
3637933
3637936
3670708
3769019
3769023
3769024
3801797
3801801
3801805
3834579
3834583
3900123
3932894
3932898
3932900
3965673
3965679
3998451
4031220
4031225
4063998
4064000
4064006
4096777
4129549
4129555
4162325
4162330
4162335
4260643
4260644
4260648
4293422
4293425
4358966
4358971
4391740
4391744
4391751
4424520
4424525
4424530
4457301
4490073
4522847
4522849
4555623
4555625
4621166
4719475
4719478
4719482
4817789
4817794
4850567
4850569
4850575
4883344
4916118
4948889
4981662
4981664
4981671
5014440
5112751
5112755
5112759
5211065
5243836
5243841
5276615
5309384
5374925
5407698
5407702
5440473
5440476
5473249
5473254
5506025
5538797
5571568
5571575
5571576
5637118
5668865
5668871
5734409
5767180
5799955
5799959
5799962
5832732
5832739
5832741
5931049
5931055
5963827
5963828
5996603
5996607
5996611
6029383
6029385
6029388
6062163
6062166
6094938
6094940
6094946
6127716
6193259
6193263
6226034
6226039
6258811
6324351
6357122
6357127
6357131
6389901
6422674
6422679
6488219
6553758
6586531
6586534
6586539
6684847
6684848
6717620
6848696
6848701
6848706
6914246
6914248
6914254
6947025
6979798
7012569
7012575
7012577
7110885
7143658
7143660
7209202
7241974
7241976
7307519
7307523
7307526
7340299
7340301
7340307
7373078
7373082
7373087
7405856
7438631
7438635
7438638
7471411
7471415
7471417
7504191
7602498
7602501
7668040
7668044
7700817
7700821
7733592
7733597
7733600
7766373
7766378
7831916
7831923
7864693
7864698
7897470
7897475
7963012
7995787
7995788
8028562
8028565
8028571
8061343
8094114
8094119
8094120
8126892
8159666
8159669
8159675
8192444
8192448
8225223
8257993
8257997
8258002
8290775
8323545
8323551
8323553
484
488
33260
33265
33271
229881
229885
262659
262661
262665
295438
295441
328214
328216
328222
360994
360998
426538
426541
459315
492086
492091
524860
557635
557636
557640
590413
623184
688724
688731
688732
721504
721511
787051
787055
819825
819828
819833
852606
852609
885382
950920
983692
983698
1016471
1016475
1016476
1049251
1082020
1114793
1114797
1114801
1147575
1147576
1147583
1180355
1180356
1213131
1278668
1278675
1344213
1344219
1344220
1376995
1409765
1442539
1442541
1475313
1475316
1475323
1508095
1508099
1540870
1540873
1540877
1573648
1606420
1606427
1606430
1639201
1639206
1671978
1671981
1671985
1704759
1704762
1737534
1835841
1835847
1835848
1868622
1901392
1901396
1934171
1934175
1966944
1966950
2032488
2130798
2163571
2163572
2327418
2360191
2360192
2392965
2392970
2425741
2425747
2425751
2458520
2458527
2524064
2524071
2524072
2556844
2556849
2556855
2655162
2687932
2687936
2687942
2720714
2720716
2720722
2786260
2786265
2819038
2819042
2819047
2851818
2884591
2917362
2950135
2950138
2982911
2981889
3047431
3112969
3112972
3112976
3211286
3276826
3276828
3309601
3309607
3375147
3375150
3407923
3407925
3407931
3473469
3506240
3539012
3539018
3571789
3637329
3637334
3702872
3768412
3768417
3801191
3801194
3866734
3899507
3932277
3932280
3965054
3965056
3965060
3997833
3997839
4030610
4063380
4063386
4161695
4227235
4292774
4292779
4358316
4358322
4391095
4423865
4456637
4489409
4489413
4489418
4554957
4554961
4587735
4620505
4620509
4653282
4653286
4686059
4686061
4686065
4751607
4751610
4751612
4784387
4784389
4817162
4817165
4817169
4849941
4882715
5046558
5046562
5046565
5079337
5112108
5144882
5144884
5177656
5177661
5177667
5275973
5341512
5341517
5374291
5374292
5374298
5439838
5439840
5472612
5472617
5538156
5570928
5570935
5570938
5603709
5603713
5636485
5636489
5636494
5734801
5734805
5800345
5800348
5800355
5865895
5865896
5898668
5898672
5898676
5931449
5964220
5964227
5964229
6029768
6029772
6029778
6062548
6062553
6062557
6193635
6226405
6226409
6226413
6259184
6259191
6324731
6324733
6423043
6423045
6488585
6488590
6488594
6521365
6521369
6554141
6554144
6586916
6619688
6619695
6685235
6685236
6718010
6750782
6750784
6783556
6783560
6783566
6816338
6849108
6849113
6881884
6881891
6947430
6947434
6947438
6980209
6980214
7012986
7012989
7045763
7045767
7045770
7078542
7144081
7176852
7209626
7209630
7209635
7242404
7242409
7242414
7307955
7307959
7307961
7340735
7373506
7373510
7406282
7439055
7471824
7504598
7504602
7504606
7602913
7668454
7733992
7733998
7832304
7832309
7865081
7865084
7897859
7897861
7897864
7963405
7963409
7963414
7996184
7996190
8028963
8028964
8061736
8192812
8192816
8192821
8258362
8258364
8356674
836
841
66380
131922
164692
164697
164700
197475
197477
328555
361326
361328
394102
426874
426878
459650
459654
459656
525199
525202
525204
557979
557981
590753
590759
590760
623533
656307
721846
754619
754620
754627
787396
787401
787407
820178
820181
885721
885724
918496
918500
951275
951276
984049
1016823
1016825
1049596
1048577
1048582
1114120
1114124
1146897
1212437
1212443
1212447
1245216
1245221
1245225
1277997
1278003
1310774
1310778
1310783
1343553
1343556
1343562
1376334
1409107
1409110
1409114
1441884
1474657
1507430
1507433
1605742
1605744
1605751
1638520
1638525
1671298
1671302
1704075
1769613
1802385
1835157
1835161
1835165
1867939
1867942
1900712
1900716
1933488
1933494
1966266
1966269
1999040
1999047
1999049
2031821
2031826
2064597
2097368
2130140
2130147
2130151
2162920
2162927
2162931
2294007
2326777
2326781
2326787
2359557
2359562
2425101
2457874
2457876
2490648
2523421
2523425
2523431
2556203
2588975
2588978
2621749
2654523
2654527
2654528
2687302
2752841
2785614
2785617
2818388
2883928
2883934
2949475
3015015
3015016
3047791
3047792
3080565
3080571
3080572
3113346
3113351
3146122
3146124
3244432
3244438
3309976
3309981
3309987
3375527
3408296
3408301
3473842
3506615
3506618
3506620
3539394
3572164
3572170
3572175
3637714
3637718
3670489
3670492
3670496
3703270
3768810
3801583
3801586
3834359
3834362
3834366
3867139
3867140
3899912
3899918
3932688
3932692
3998234
3998237
3998243
4063782
4063786
4096558
4096563
4096565
4129338
4162108
4162113
4227653
4227657
4227663
4260432
4260436
4293211
4325981
4358755
4391525
4391529
4424302
4424306
4424308
4457082
4457084
4489856
4522629
4522635
4555404
4555408
4588181
4588184
4620959
4620960
4686500
4719274
4752047
4850353
4850358
4883131
4883135
4915905
4915909
4948680
4948686
4981456
4981460
5014234
5014237
5014242
5047015
5047017
5079788
5079795
5112565
5112568
5112573
5145347
5145349
5145352
5178125
5178130
5243669
5243672
5341981
5341986
5341990
5374762
5407534
5440304
5473078
5473081
5505854
5505859
5538628
5571401
5571405
5571408
5636948
5636955
5669724
5669731
5669732
5735274
5735277
5768049
5768053
5768059
5866365
5899139
5899140
5899145
5931917
5931922
5931925
5964698
5964702
5964705
5997479
6030248
6030253
6095793
6128565
6128569
6128572
6194113
6292423
6357963
6357966
6423506
6423511
6554585
6554591
6554593
6587365
6587368
6587374
6685680
6685687
6685691
6718461
6782977
6815750
6815752
6979597
6979602
6979607
7045144
7045150
7077922
7077927
7077931
7110703
7110706
7110708
7176249
7176253
7209025
7241797
7274571
7274575
7274577
7307349
7307352
7340125
7340128
7340133
7372904
7438446
7438448
7569526
7569528
7569535
7602307
7602311
7602312
7667855
7700624
7700629
7733400
7766174
7766176
7766182
7831720
7831725
7831729
7864501
7897275
7897277
7897283
7930054
7962824
7962828
7995602
8061143
8061144
8093918
8159457
8192228
8192233
8192237
8225010
8225015
8225019
8257789
8257795
8290564
8290569
8290573
8323347
8356119
8356121
8356125
291
293
33065
33070
65842
65846
98619
98621
98625
131398
164170
164175
164179
196948
196954
196958
229731
229734
295272
295279
328049
328052
328059
360831
360832
393604
393608
426382
426387
459159
491931
491935
590240
623015
623016
655789
655795
655799
721339
721340
721345
754118
754121
786894
819666
852436
852441
852446
885218
885223
885227
1016301
1049073
1114612
1147384
1147391
1180163
1180164
1180168
1245711
1245713
1245719
1278491
1278492
1311265
1311268
1344040
1344045
1344050
1376822
1409593
1507902
1507906
1573445
1573449
1573452
1638995
1638999
1704537
1737309
1737314
1737316
1770088
1802861
1835635
1835639
1868410
1868415
1868418
1901190
1901193
1901198
1933968
1966742
1966747
1999517
1999520
2032292
2032298
2032303
2065074
2065077
2097848
2228927
2294464
2294471
2294475
2360013
2360016
2360022
2392794
2392799
2425568
2425572
2425578
2458350
2458353
2491125
2491130
2556670
2556675
2556676
2622219
2622221
2654992
2654996
2687769
2687772
2687776
2720548
2753320
2753325
2753328
2786103
2786104
2786108
2851648
2851653
2851658
2917198
2917203
2917204
2949977
2949981
2949986
2982759
3048297
3048301
3048305
3081079
3081083
3113852
3113857
3179397
3179403
3179407
3244945
3244949
3244952
3277727
3277730
3277735
3310504
3343278
3343282
3343284
3376058
3408831
3474368
3507141
3572682
3572686
3638226
3638229
3638233
3671005
3671010
3703782
3736554
3769327
3769331
3769332
3802105
3834878
3833857
3866629
3866632
3899405
3899411
3899414
3932185
3932190
3964960
4030501
4030505
4030510
4063282
4063285
4096057
4096063
4096066
4128837
4128843
4161613
4161616
4161621
4259930
4259933
4259936
4292708
4325483
4358253
4456561
4456564
4456569
4489342
4489345
4489349
4554890
4554893
4587667
4587670
4587675
4620447
4620448
4653222
4653224
4685997
4686003
4686005
4718777
4718781
4784322
4784324
4849866
4849871
4849874
4882645
4882648
4882652
4915426
4948197
5013738
5013742
5046513
5079287
5079289
5079294
5112067
5177604
5210377
5210381
5210384
5308693
5308698
5308700
5341474
5407015
5407019
5407020
5439794
5472564
5472570
5505343
5538114
5570887
5570890
5603660
5603666
5636436
5669208
5734751
5734754
5767525
5767531
5767535
5865842
5865846
5865851
5898622
5898626
5931398
5931402
5996940
5996946
6029716
6029722
6062492
6095264
6128039
6128040
6226350
6259121
6291894
6324665
6357439
6357440
6357445
6390219
6390221
6390227
6422998
6423000
6423004
6455779
6455780
6455784
6488558
6488560
6521332
6554106
6554108
6554115
6586887
6619659
6619663
6717970
6717973
6750747
6750751
6816288
6816294
6816298
6849071
6849074
6849076
6881848
6881852
6881859
6914630
6947402
6980173
6980177
6980183
7012955
7012957
7012961
7045735
7078507
7111277
7111283
7144053
7144059
7144062
7176832
7176836
7176842
7209612
7209619
7209622
7242394
7242398
7275169
7275172
7307946
7340716
7373488
7406260
7406265
7406271
7471811
7471814
7504585
7504588
7537360
7537364
7537370
7570141
7570145
7570149
7602923
7602927
7668464
7766773
7832312
7832319
7832323
7930628
7963403
7996173
8028945
8028951
8028954
8061724
8061731
8094502
8094506
8160047
8160051
8225588
8225592
8258365
8258369
8291141
8291146
8323919
8323921
855
859
33629
33634
33638
99176
99181
99186
131957
164731
164735
164739
197511
230280
230285
230288
263062
328603
361373
361378
394151
394152
394158
426928
426932
459707
459711
459715
492484
525257
558029
558035
558039
623576
623580
623584
689127
721899
721901
754673
787444
787448
787454
851969
851973
917515
917517
950289
983061
983066
983069
1015843
1048615
1048619
1048621
1081394
1081398
1081400
1114172
1179715
1212486
1212488
1245262
1245266
1278037
1278043
1343581
1343587
1343591
1409130
1409133
1409138
1441910
1441913
1441917
1474691
1474694
1507467
1507471
1540242
1573015
1573017
1638557
1638561
1671334
1671336
1671342
1736881
1769652
1769658
1802429
1802433
1835207
1835209
1966286
1966290
1999063
1999064
2097375
2130144
2130150
2162923
2162924
2195699
2195700
2195704
2228479
2261251
2261255
2261257
2294029
2326801
2326804
2457882
2457887
2490656
2490661
2490665
2556207
2588977
2588981
2588985
2687292
2687299
2720071
2818379
2818381
2851152
2851159
2883929
2883935
2916706
2916708
2949482
2949486
2982258
2982260
3015032
3015036
3047808
3080583
3113355
3146126
3146130
3146132
3178905
3178910
3178912
3211687
3211688
3211695
3244467
3277237
3310010
3310015
3310019
3342791
3342794
3342796
3375571
3408343
3408344
3408351
3473889
3506661
3506665
3506668
3539443
3539444
3539449
3637757
3637763
3637767
3670539
3703311
3703315
3736084
3768856
3768863
3834402
3867172
3867176
3867182
3932722
3965493
3965496
3998269
4031040
4031046
4063818
4063822
4096595
4096599
4129368
4129374
4129377
4162150
4227690
4227693
4293232
4326007
4326011
4358781
4391554
4424325
4424328
4457102
4457106
4457111
4489881
4522655
4555425
4555428
4588202
4588204
4588210
4620980
4620987
4686527
4686530
4719300
4719304
4719308
4752080
4752085
4784858
4817628
4850402
4915942
4915944
4915949
4981491
5014262
5047035
5047036
5047043
5079815
5112586
5112589
5112594
5145365
5210907
5210911
5243681
5243684
5243688
5276462
5276467
5276470
5309243
5309247
5342018
5342022
5342027
5374796
5374803
5407575
5473112
5473117
5538657
5571429
5571435
5669740
5669747
5669751
5735288
5735294
5735297
5768068
5768074
5800844
5833619
5866391
5866394
5899166
5899171
5931943
5997480
5997487
5997490
6030263
6030265
6063039
6063042
6095814
6095819
6128588
6194131
6194132
6194136
6226910
6226913
6259684
6259688
6259695
6292464
6325236
6325242
6325247
6389761
6389764
6389771
6422541
6422546
6422548
6455323
6455324
6455329
6488101
6488105
6488111
6520881
6520887
6520891
6586430
6586432
6586438
6619209
6619215
6619216
6684757
6717529
6717534
6783075
6783078
6848617
6881389
6914162
6946932
6946937
6946940
7012481
7045252
7045257
7045262
7078034
7078036
7110808
7143582
7143585
7209126
7241896
7241903
7241907
7274679
7307451
7405757
7405760
7438533
7438539
7536845
7536850
7536852
7569624
7569629
7569633
7602407
7667944
7700718
7700722
7733492
7733498
7766268
7766275
7766279
7831816
7831821
7831827
7864599
7864603
7864607
7930146
7962919
7962923
7962925
8028465
8028470
8061241
8061246
8061248
8094020
8094027
8126799
8126802
8126807
8159579
8159583
8159585
8192359
8225129
8225134
8257907
8257910
8290680
8323455
8323458
8323461
8356233
397
401
33173
65944
98719
98721
131495
131496
164271
164272
164277
197051
197055
229826
262598
262600
295375
295379
328149
328152
360925
360930
360934
426474
426478
459249
492020
492027
492030
524803
524806
557579
590351
590352
623127
623129
623134
655905
655910
688682
688685
721457
819766
819771
819775
852545
885319
950859
950863
983633
983639
1049178
1049182
1081952
1081957
1081961
1147500
1180273
1180278
1180283
1245820
1245824
1278599
1278602
1311373
1311377
1311380
1344152
1344157
1344161
1409700
1442474
1442477
1508019
1508023
1540792
1573567
1606337
1639111
1639115
1639119
1671888
1704663
1704666
1704670
1770208
1770215
1770217
1802990
1802993
1802998
1835769
1835773
1868547
1901319
1934090
1934094
1934099
1966868
1966872
1999647
2032416
2065190
2097962
2130733
2130739
2130743
2163514
2163517
2163523
2196294
2196296
2196301
2229073
2261847
2261850
2261854
2294625
2294628
2392938
2392940
2425715
2425718
2458488
2458493
2556803
2556806
2556808
2589582
2622354
2655124
2655129
2720668
2720675
2753447
2786216
2818988
2851763
2884534
2884538
2884543
2917313
2950085
2982858
2982863
2982867
3048406
3048408
3146716
3179491
3179493
3212265
3212268
3245043
3245044
3310584
3343356
3342337
3375108
3407882
3407885
3473427
3506198
3538971
3538972
3571744
3571751
3637291
3637294
3637297
3670069
3702843
3702844
3735617
3833927
3833929
3833932
3866706
3866708
3866715
3899486
3932258
3965029
3965033
3965036
3997811
4030583
4063354
4063359
4096131
4161669
4161674
4194444
4227217
4227220
4227227
4259999
4260002
4325542
4325544
4391087
4391088
4391094
4489401
4489405
4489411
4522180
4522186
4522188
4554963
4554966
4554971
4620511
4620515
4620516
4653290
4653295
4718833
4751604
4784376
4784381
4784387
4817158
4849928
4849934
4915472
4915478
4948248
4948254
4948257
4981029
4981033
4981036
5046577
5046583
5079352
5079356
5112129
5144900
5144904
5144908
5177680
5177687
5177689
5210460
5210464
5243238
5276008
5276014
5276016
5308789
5374328
5407102
5407104
5407110
5472650
5505423
5505424
5538198
5570970
5570972
5603745
5603751
5636520
5636524
5636530
5669300
5734841
5734847
5734849
5767620
5800395
5833167
5865939
5898711
5931480
5931484
5931491
5964263
6029803
6062575
6062576
6062581
6095353
6095359
6095363
6193670
6193674
6226447
6226450
6226454
6291994
6357534
6390307
6390308
6390313
6455855
6455857
6455863
6488634
6521405
6554178
6586951
6619723
6685261
6685267
6718038
6718040
6750814
6750816
6816356
6881896
6881900
6881905
6914676
6914680
6980222
7045762
7045764
7176843
7209615
7209616
7209621
7340699
7340702
7406242
7406244
7439018
7439022
7439025
7471798
7471801
7471807
7504576
7537349
7537353
7570126
7570129
7570133
7602905
7602909
7602913
7733988
7766762
7865068
7865072
7897846
7930619
7963389
7963395
7996166
7996170
7996174
8028944
8061719
8061721
8061726
8094498
8094500
8094505
8127279
8127282
8127284
8192826
8192831
8225603
8258375
8258376
8291150
8356691
8356695
8356696
862
864
871
33641
33647
66416
66420
99192
99196
131969
131975
164745
164748
230290
230292
230296
263069
263072
361383
361384
361388
394161
426933
426939
426943
459712
459719
459720
492494
525267
525268
525272
656351
656352
656358
689130
689134
689137
721909
721914
721917
753665
753671
786442
786445
819216
819221
851992
851999
852002
884773
884778
917549
917553
950326
950330
950334
983106
1015879
1015882
1015885
1081424
1081428
1114201
1114207
1114210
1146980
1146984
1146988
1179760
1179765
1212538
1245310
1245313
1278087
1310856
1310862
1343632
1343637
1343642
1409181
1409186
1409190
1441960
1474732
1474738
1507510
1507514
1540284
1605825
1638598
1638600
1638607
1704147
1704148
1704155
1736926
1736928
1736933
1769707
1769709
1769715
1835252
1868027
1868030
1900803
1933574
1933579
1966350
1966353
2031892
2031897
2064670
2064675
2064679
2097448
2130223
2195760
2195765
2228539
2228542
2261314
2261317
2261320
2326861
2326866
2359639
2457947
2457948
2490720
2556261
2589035
2589037
2589040
2621815
2621816
2654589
2687362
2687364
2720136
2720141
2752915
2752919
2752921
2785694
2818466
2818471
2818472
2884013
3015088
3015095
3047866
3047871
3047872
3080647
3080650
3080654
3146195
3146197
3146200
3178974
3178977
3211748
3277288
3277293
3310067
3310069
3342840
3342844
3375619
3408389
3506698
3506703
3506707
3539476
3703323
3703325
3703329
3736102
3736107
3768878
3768881
3768885
3801658
3801663
3801667
3834436
3834440
3899982
3899985
3932758
3998298
3998303
4063843
4063847
4129387
4162156
4162162
4162166
4194936
4227709
4260480
4260486
4260489
4326029
4326032
4424341
4424345
4457116
4489890
4522660
4555434
4555438
4555443
4588213
4620987
4620990
4620995
4686532
4686536
4719309
4719313
4752087
4752089
4752095
4784867
4817637
4817643
4883182
4948723
4948726
4981498
5014270
5014275
5014278
5047049
5079822
5079826
5079830
5112601
5112605
5112609
5178150
5178155
5210926
5243698
5243701
5243705
5276477
5276480
5309255
5342025
5342031
5374802
5374807
5374810
5440350
5440352
5440358
5473128
5505903
5538673
5571446
5571449
5636991
5636995
5669765
5669771
5669774
5735313
5735317
5735323
5800862
5800864
5833639
5866408
5866413
5866419
5899189
5931961
5931967
5964739
6030278
6128587
6128589
6128595
6194134
6194136
6259677
6292450
6325223
6325227
6357996
6358000
6358005
6390777
6390782
6455297
6455303
6455305
6488077
6488081
6520852
6520857
6520863
6553633
6586407
6586408
6586415
6619185
6619191
6619193
6684732
6684739
6684740
6717514
6717518
6783059
6783060
6783067
6815839
6815841
6815847
6848619
6848623
6881392
6914167
6914170
6914173
6946947
6946949
6979722
6979724
7012499
7012502
7012505
7045278
7078051
7078054
7110824
7110829
7110832
7143605
7143611
7143612
7176384
7176389
7176395
7209166
7241939
7241942
7274715
7274716
7274722
7373030
7373032
7373039
7405810
7438581
7471353
7504127
7504131
7504133
7536907
7536910
7569682
7569687
7569690
7602461
7602466
7700773
7700778
7766317
7766320
7766326
7864635
7897404
7930179
7930181
7995721
7995726
7995729
8028502
8028505
8028509
8126819
8126820
8126826
8159597
8192369
8192373
8192377
8257916
8257920
8323461
393
399
402
33172
33176
33183
98722
98727
131497
131501
131506
164278
164283
197055
229827
262597
262600
262605
295376
295382
328152
328156
360930
360933
360937
393710
393713
426485
426490
426492
459266
557573
557577
590351
590352
688663
688667
688668
721440
721444
754217
852524
852528
885302
885305
885309
1016384
1016388
1016393
1049167
1049168
1081942
1081944
1114719
1114723
1147494
1213034
1213039
1213043
1245812
1278584
1344124
1344130
1344135
1409674
1475215
1507987
1507990
1540760
1540765
1606307
1606308
1639082
1639087
1639088
1671861
1671864
1671870
1704642
1704646
1737418
1737420
1802961
1835732
1868505
1868509
1901280
1901286
1934056
1966831
1999602
1999607
1999608
2032383
2032387
2032389
2097929
2130702
2130707
2163476
2196250
2196253
2229027
2229028
2261801
2261805
2294578
2360119
2360120
2392895
2392897
2425668
2425673
2458445
2458448
2491222
2491224
2556767
2556771
2556773
2589547
2589551
2622321
2622324
2622329
2655101
2655105
2655110
2687880
2720652
2720656
2720662
2786201
2786204
2818976
2818983
2851753
2851758
2851760
2884532
2884538
2884543
2917314
2917316
2917321
2950092
2950096
2982871
3081179
3081183
3113955
3113956
3113960
3146733
3179507
3212277
3245051
3245055
3342336
3375110
3407881
3407885
3407891
3506199
3571738
3571742
3571747
3670053
3670058
3670062
3702832
3702836
3702841
3735614
3735616
3768388
3768395
3801167
3801169
3801172
3833945
3899487
3899488
3899494
3965034
3997807
3997809
3997813
4030587
4030588
4030593
4063366
4063371
4128910
4128914
4161687
4194456
4227228
4227235
4292774
4292776
4292781
4325553
4325556
4325561
4391100
4391107
4456644
4489418
4489422
4489427
4522199
4522203
4522207
4554979
4554983
4554985
4587756
4587761
4620533
4620539
4620540
4653315
4653317
4686090
4718862
4718867
4718870
4751643
4751644
4817184
4817191
4817192
4849964
4882736
4882743
4915514
4915518
4915520
4948294
4981066
4981071
5013843
5013846
5112155
5144925
5177699
5210471
5243241
5276013
5276018
5341559
5341561
5341567
5374338
5374343
5407115
5407117
5439890
5439892
5439899
5472668
5538211
5570983
5570985
5603758
5603763
5636534
5669305
5669311
5767618
5767620
5767627
5800396
5800400
5833172
5833179
5865951
5865952
5931494
5964267
5964268
5997040
6029813
6062584
6095357
6128130
6128132
6128137
6160908
6160913
6160918
6193688
6226460
6226466
6259238
6259243
6259247
6292016
6324791
6324792
6324799
6390337
6390341
6455881
6455884
6521426
6554198
6554201
6586972
6619746
6718053
6718057
6718063
6750835
6750839
6783609
6849151
6914688
6914693
6914696
6947469
6947474
6947479
6980251
6980254
7013027
7078564
7078570
7078572
7111346
7111348
7144121
7144126
7209665
7209669
7209673
7242447
7242449
7242454
7275225
7275228
7308002
7308007
7308009
7340781
7340784
7373559
7373562
7373564
7439107
7439109
7504648
7537422
7570192
7570199
7570203
7602972
7734049
7734054
7734059
7766831
7766834
7897908
7897912
7930685
7930690
7963460
7963466
7963470
7996242
7996246
8029017
8029023
8094563
8127332
8127339
8160110
8160114
8192887
8192889
8192892
8225667
8225668
8225674
8258446
8258451
8291223
8291224
8291229
8324001
8324007
8356777
942
946
951
33723
66495
99265
132039
132040
132047
164816
164821
197595
197598
197601
230373
230377
230383
361457
361462
361465
394236
393216
393222
425993
425998
426000
458773
458779
458781
491554
491559
524328
524332
557104
589878
622648
655420
655425
786501
819275
819276
819283
852055
917594
917596
950368
950373
983145
983151
983154
1015924
1015931
1081471
1114243
1114244
1147017
1147020
1179794
1179799
1179802
1212573
1245347
1278118
1310888
1310894
1310899
1343671
1343674
1343676
1409218
1409222
1409224
1441997
1442003
1474773
1474779
1474781
1507552
1507556
1540330
1540334
1573104
1573109
1573114
1605885
1605891
1671428
1704202
1704206
1802513
1802517
1835291
1868060
1868067
1868069
1900842
1900847
1900851
1966389
1999161
1999164
2064705
2097478
2097482
2163020
2163025
2163030
2195800
2195805
2228578
2228582
2228584
2261356
2261363
2294134
2294137
2294142
2326912
2326916
2359689
2359695
2458001
2458005
2490778
2490782
2523555
2556327
2654633
2654639
2687409
2687413
2687418
2752959
2752961
2785734
2785737
2785743
2851280
2916822
2916827
2949597
2982369
2982375
3015144
3015150
3047923
3080694
3113467
3113470
3113474
3146244
3146248
3146252
3179026
3244565
3244569
3244575
3277345
3277348
3277353
3310126
3310128
3342900
3375672
3408445
3408450
3539525
3539530
3539533
3572304
3605077
3637851
3670620
3670626
3736164
3736168
3801711
3801712
3834485
3834489
3834494
3867266
3900038
3900041
3900047
3965585
3965588
4031130
4031132
4063904
4063908
4096682
4096684
4096688
4129463
4129467
4129470
4162240
4162247
4195019
4260558
4260561
4293332
4293337
4293342
4326115
4326116
4326122
4424431
4424435
4457207
4457209
4489981
4522755
4555524
4555528
4555534
4588305
4588310
4588312
4621087
4621088
4621092
4686633
4686638
4686641
4784949
4784955
4817727
4817731
4817733
4850506
4850511
4850512
4883286
4883291
4916060
5014370
5047143
5047146
5079918
5112691
5112693
5145466
5145471
5178241
5243781
5243787
5243788
5276562
5309335
5309339
5309342
5342113
5440423
5440425
5473199
5505968
5505974
5538745
5571519
5604288
5768133
5768139
5800911
5800912
5833687
5833691
5899228
5899234
5899238
5964778
5964781
5997552
5997558
6063096
6063101
6094848
6127621
6127624
6160398
6160401
6160404
6225947
6225949
6225952
6291493
6291498
6324271
6357040
6389815
6422587
6455358
6455362
6488133
6520904
6520910
6520913
6553687
6553688
6553692
6586467
6586468
6586472
6619246
6619251
6619254
6684795
6717565
6717569
6717573
6783114
6783118
6783121
6815892
6848665
6848670
6848672
6881446
6881448
6979759
6979761
6979767
7045307
7045308
7045313
7078085
7110859
7143628
7176400
7274711
7307483
7307487
7373026
7373029
7471339
7471343
7504114
7504117
7504120
7536893
7569667
7569668
7569674
7602446
7602450
7602455
7700760
7700767
7700769
7733543
7733544
7799085
7831859
7897398
7897401
7930174
7930178
7962951
7962955
7995725
7995731
8028502
8061274
8094046
8094050
8126821
8126827
8159596
8159603
8159604
8225146
8225149
8257922
8257926
8290698
8290701
8323472
8323478
8323480
8356255
8356256
8356263
425
431
435
33204
33211
65982
65987
98757
131528
131534
131536
164308
164315
229855
295395
295396
328169
360943
360945
360950
426489
426495
426498
459271
524808
524812
524816
557588
557594
557598
590371
590374
590379
623148
623155
655926
655931
655935
688706
721478
721482
721486
754258
754261
754265
787036
787041
787047
819819
819822
885361
918135
918137
918141
950912
950916
950923
983693
983696
1016468
1016473
1049245
1049248
1082020
1114794
1180333
1213106
1213110
1213112
1278654
1311427
1311430
1344202
1344205
1344210
1376982
1376984
1376989
1409761
1409765
1442539
1475308
1508082
1508087
1540859
1540862
1573635
1573636
1606411
1606414
1606418
1704725
1737497
1737503
1737506
1770278
1803051
1803053
1934129
1934134
1934138
1966909
1999680
1999685
2032459
2065228
2065234
2065238
2098009
2098012
2130785
2196326
2229097
2229102
2229104
2261879
2261882
2360190
2360195
2360199
2392969
2392974
2425746
2458516
2458522
2491292
2491298
2491303
2524073
2556847
2556849
2556854
2589626
2589630
2622403
2687940
2753481
2753486
2753488
2786261
2786267
2786271
2819043
2819047
2819051
2884590
2884595
2917366
2982906
2982910
2981888
3014661
3014664
3014670
3047442
3047447
3047448
3112988
3112994
3145767
3211304
3211310
3211315
3244084
3276859
3342396
3407939
3506246
3506249
3539023
3539027
3571799
3571802
3571805
3604579
3637351
3670123
3735662
3735667
3735668
3768443
3768444
3768451
3801223
3833992
3833996
3866768
3965077
3965080
3965084
3997856
4030630
4030632
4063407
4063410
4096182
4096185
4161724
4161728
4161735
4194505
4227279
4260048
4260053
4260058
4292830
4292835
4292838
4358376
4358381
4358385
4391158
4456698
4456702
4456707
4489479
4489481
4489486
4522259
4522262
4555033
4555039
4555040
4620581
4620586
4620588
4653363
4653367
4686136
4686143
4718915
4751687
4751691
4751695
4882769
4882773
4882776
4948318
4948321
4981092
4981098
5046639
5079408
5079414
5144954
5144956
5144960
5210503
5210504
5210508
5243283
5308823
5308827
5308829
5341600
5341607
5341609
5374380
5374384
5407159
5439929
5439934
5472706
5505479
5538250
5571021
5603792
5603798
5603803
5636574
5636576
5636581
5669354
5669357
5767664
5767670
5800443
5800444
5800450
5833223
5833224
5865996
5866001
5866006
5898779
5898782
5898786
5931556
5931561
5964335
5964339
5964343
5997114
5997116
5997123
6062662
6062667
6062671
6095440
6095445
6128219
6160989
6160992
6160998
6193770
6193774
6193778
6259317
6292090
6292092
6324866
6324869
6357641
6357644
6357648
6390421
6423195
6455966
6455969
6488740
6488746
6488749
6521523
6554294
6554297
6554302
6587074
6652612
6685385
6685389
6718162
6718167
6718168
6750943
6750946
6783718
6783720
6816494
6816496
6849268
6849273
6947583
6947587
7013127
7013131
7045902
7045904
7078679
7078681
7078686
7144225
7144228
7144233
7177007
7177009
7209780
7209786
7242558
7308097
7308102
7340872
7340877
7373649
7373653
7406427
7406428
7406433
7439205
7439208
7570285
7570288
7603061
7603066
7701373
7734145
7766916
7766923
7799693
7832465
7865237
7865241
7865245
7898018
7898023
7898025
7930796
7930803
7930805
7996347
8061886
8061890
8094662
8094664
8094669
8127440
8127446
8192987
8225757
8258529
8258532
8291304
8291308
1009
1014
1016
66558
65536
65540
163851
196622
196627
229398
229401
262172
327713
327717
327722
360492
360499
360501
393274
458813
458816
458822
491593
491596
491602
557143
557144
589917
622690
622694
655466
688238
688240
721014
753784
753791
786561
819332
852105
852111
852115
884886
884891
884893
917665
983206
1015976
1147052
1278128
1343669
1343674
1343676
1376451
1376454
1376456
1474766
1474768
1474774
1507546
1507548
1540321
1540327
1540329
1573103
1605872
1605878
1605880
1671423
1671427
1736967
1736969
1769743
1802512
1802517
1802522
1868062
1900834
1933607
1933608
1966382
1999154
2031924
2031931
2097469
2097472
2130244
2130248
2130252
2163024
2195797
2228570
2228575
2228577
2261351
2261353
2294127
2294129
2326901
2425210
2425214
2425218
2457989
2457993
2457998
2523538
2556311
2589082
2621854
2621856
2621863
2654633
2654636
2654642
2687415
2687418
2687422
2720193
2752966
2818505
2851276
2851281
2851287
2949595
2949596
2949602
3015142
3080683
3080687
3080691
3113462
3146234
3146237
3146242
3211782
3211787
3211788
3244562
3244565
3310104
3408413
3408416
3408422
3572267
3605038
3637811
3703348
3736122
3736126
3736128
3768903
3801675
3834444
3867219
3867221
3899993
3932765
3932768
3932773
3998314
4031085
4063858
4063860
4096634
4129407
4162176
4194951
4227722
4227726
4227731
4293270
4293274
4358812
4358817
4358820
4391594
4391598
4391601
4424373
4457147
4457150
4457153
4489927
4555467
4555468
4555474
4588245
4719320
4719325
4752099
4784871
4784874
4850412
4915955
4915956
4915960
4948732
4981507
4981511
4981515
5014287
5014289
5014294
5079834
5079838
5079843
5112614
5112619
5145390
5178160
5178165
5178169
5210940
5210946
5210950
5309256
5309262
5374803
5407573
5407577
5407581
5440352
5473124
5538667
5571437
5604209
5636980
5636987
5735292
5768067
5800838
5800840
5800847
5833616
5833622
5866395
5866399
5899171
5899175
5931945
5964717
5964721
5964724
6095800
6095806
6095809
6161349
6161354
6161356
6194129
6194132
6226907
6259679
6259682
6259685
6292457
6292461
6325232
6325239
6325243
6390783
