65544
65548
65552
196628
196632
196636
196608
393248
393252
458792
589868
589872
589876
655416
655420
655424
720964
720968
786508
852048
852052
852056
917596
917600
1048676
1048680
1048684
1114224
1114228
1179768
1179772
1179776
1245316
1245320
1245324
1376400
1376404
1441944
1441948
1507488
1507492
1507496
1573036
1573040
1638580
1704120
1704124
1704128
1769668
1769672
1769676
1835216
1835220
1835224
1900764
1900768
1966308
1966312
1966316
2031856
2097396
2097400
2097404
2294016
2294020
2294024
2425100
2425104
2556180
2621720
2621724
2687264
2687268
2687272
2752812
2752816
2752820
2818360
2883900
2883904
2949444
2949448
2949452
3014992
3014996
3080536
3080540
3080544
3146084
3211624
3211628
3277168
3277172
3342712
3473788
3539328
3539332
3604872
3670412
3670416
3735956
3735960
3998108
3998112
3998116
4063656
4063660
4129200
4129204
4129208
4260284
4260288
4260292
4456904
4456908
4719056
4719060
4719064
4784604
4784608
4784612
4850152
4850156
4915696
4915700
4981240
4981244
5112320
5177860
5177864
5243404
5243408
5243412
5308952
5374492
5374496
5440036
5440040
5440044
5505584
5505588
5571128
5571132
5571136
5702212
5702216
5767756
6029904
6095444
6095448
6095452
6160992
6226532
6226536
6292076
6292080
6357620
6357624
6357628
6423168
6423172
6488712
6488716
6554256
6619796
6685336
6685340
6816416
6816420
7013032
7013036
7078576
7078580
7144120
7144124
7144128
7209668
7275208
7275212
7340752
7340756
7406296
7406300
7471840
7471844
7471848
7537388
7537392
7602932
7668472
7865084
7865088
7930628
7930632
7996172
7996176
8061716
8061720
8127260
8127264
8192804
8192808
8192812
8389424
8454964
8454968
8454972
8651584
8651588
8717128
8782668
8782672
8848212
8848216
8848220
8979296
9044836
9044840
9110380
9175920
9306996
9372536
9438076
9438080
9503620
9503624
9569164
9569168
9634708
9634712
9700252
9765792
9765796
9831336
9831340
9962416
9962420
9962424
10224572
10224576
10290116
10355656
10355660
10355664
10421204
10945496
10945500
10945504
11076580
11076584
11076588
11142128
11142132
11207672
11207676
11206656
11337732
11403272
11468812
11468816
11468820
11534360
11534364
11665440
11730980
11730984
11730988
11796528
11796532
11796536
11862076
11862080
11927620
11927624
11993164
11993168
12058708
12124248
12124252
12124256
12189796
12320872
12320876
12451952
12451956
12517496
12517500
12517504
12583044
12583048
12583052
12714128
12910740
12910744
12910748
12976288
13041828
13107368
13107372
13107376
13172916
13238456
13369532
13369536
13369540
13500616
13566156
13566160
13631700
13631704
13631708
13762784
13893860
13893864
13893868
13959408
14090484
14090488
14156028
14156032
14221572
14221576
14352652
14352656
14352660
14418200
14483740
14549280
14614820
14680360
14680364
14680368
14745908
14745912
14811452
14811456
14811460
14877000
14942540
14942544
15008084
15073624
15073628
15073632
15270244
15270248
15270252
15335792
15335796
15335800
15401340
15401344
15401348
15466888
15597964
15729040
15794580
15794584
15860124
15860128
15925668
15925672
15925676
16122288
16253364
16253368
16318908
16384448
16384452
16384456
16449996
16581072
16581076
16581080
16712156
16712160
66020
66024
66028
131568
131572
197112
197116
197120
262660
328200
328204
328208
393748
393752
393756
459296
459300
524840
590380
655920
721460
787000
787004
787008
852548
852552
918092
983632
983636
1049176
1049180
1114720
1114724
1114728
1180268
1245808
1245812
1311352
1311356
1311360
1376900
1376904
1442444
1442448
1442452
1507992
1507996
1508000
1704612
1770152
1770156
1835696
1835700
1901240
1901244
1966784
1966788
1966792
2032332
2032336
2032340
2097880
2163420
2163424
2228964
2294504
2360044
2425584
2425588
2425592
2491132
2491136
2556676
2622216
2622220
2622224
2753300
2818840
2818844
2818848
3015460
3146536
3212076
3212080
3343156
3343160
3474236
3474240
3474244
3670856
3801932
3801936
3867476
3998552
3998556
4064096
4064100
4195176
4195180
4195184
4260724
4260728
4260732
4326272
4326276
4326280
4391820
4457360
4457364
4457368
4522908
4522912
4522916
4588456
4588460
4654000
4654004
4785080
4785084
4785088
4850628
4916168
4916172
4981712
5112788
5112792
5178332
5178336
5309412
5309416
5309420
5374960
5440500
5440504
5440508
5505024
5636100
5636104
5701644
5701648
5701652
5767192
5898268
5898272
5963812
5963816
5963820
6029360
6029364
6160440
6225980
6291520
6357060
6357064
6357068
6422608
6488148
6553688
6553692
6553696
6619236
6619240
6619244
6684784
6750324
6881400
6881404
6946944
6946948
6946952
7012492
7078032
7143572
7143576
7209116
7209120
7405732
7405736
7405740
7471280
7471284
7471288
7536828
7602368
7733444
7733448
7733452
7864528
7864532
7864536
7930076
7995616
8061156
8126696
8126700
8126704
8192244
8192248
8192252
8257792
8323332
8585480
8585484
8716560
8782100
8847640
8847644
8913184
8913188
8978728
8978732
9044272
9109812
9109816
9109820
9175360
9240900
9306440
9306444
9371984
9503060
9568600
9634140
9634144
9634148
9699688
9699692
9765232
9765236
9765240
9830780
9896320
9896324
9896328
9961868
9961872
9961876
10027416
10158492
10289568
10289572
10289576
10420652
10748336
10748340
10748344
10813884
10813888
10813892
11010504
11010508
11010512
11076052
11141592
11141596
11207136
11207140
11207144
11272684
11338224
11403764
11403768
11403772
11469312
11469316
11469320
11534860
11600400
11665940
11731480
11731484
11797024
11862564
11862568
11928108
11928112
11993652
11993656
11993660
12059200
12059204
12059208
12124748
12124752
12124756
12190296
12255836
12255840
12255844
12386920
12452460
12452464
12452468
12518008
12518012
12649088
12649092
12649096
12714636
12780176
12780180
12780184
12976796
13042336
13107876
13107880
13107884
13173424
13173428
13238968
13238972
13304512
13304516
13435592
13435596
13501136
13501140
13501144
13632220
13632224
13697764
13697768
13697772
13763312
13763316
13828856
13828860
13894400
14025476
14091016
14091020
14287632
14353172
14549784
14549788
14549792
14615332
14615336
14877484
14877488
14943028
14943032
15008572
15074112
15074116
15074120
15139660
15139664
15139668
15205208
15270748
15270752
15467364
15467368
15532908
15926128
15926132
15926136
15991676
15991680
15991684
16057224
16122764
16188304
16188308
16253848
16319388
16319392
16384932
16450472
16516012
16516016
16516020
16647096
16647100
16712640
964
66504
66508
66512
132052
132056
132060
197600
197604
197608
263148
328688
459764
459768
459772
524288
589828
589832
589836
655376
655380
720920
851996
983072
1048612
1048616
1114156
1114160
1114164
1179704
1179708
1179712
1245252
1310792
1310796
1376336
1376340
1507416
1507420
1507424
1572964
1572968
1572972
1704048
1704052
1704056
1835132
1835136
1900676
1900680
1966220
1966224
2031764
2097304
2097308
2097312
2228388
2228392
2228396
2359472
2359476
2490552
2490556
2490560
2556100
2752712
2752716
2752720
2883796
2883800
2949340
2949344
3014884
3080424
3080428
3145968
3211508
3277048
3277052
3277056
3408132
3408136
3408140
3473680
3539220
3604760
3604764
3604768
3670308
3735848
3735852
3866928
3866932
3932472
3998012
4063552
4063556
4194632
4325708
4391248
4391252
4456792
4522332
4522336
4522340
4718952
4718956
4784496
4784500
4850040
4850044
4850048
4915588
4915592
4915596
4981136
4981140
4981144
5112220
5112224
5177764
5177768
5243308
5308848
5439924
5439928
5439932
5505472
5571012
5702088
5767628
5833168
5898708
5964248
5964252
5964256
6029796
6029800
6029804
6095344
6160884
6160888
6357500
6357504
6423044
6423048
6423052
6554128
6685204
6685208
6685212
6750752
6750756
6816296
6816300
6947376
6947380
7209528
7209532
7275072
7275076
7340616
7406156
7406160
7406164
7471704
7471708
7537248
7537252
7537256
7602796
7668336
7668340
7668344
7733884
7864960
7864964
7864968
7996044
8061584
8061588
8061592
8127132
8192672
8192676
8192680
8258220
8323760
8323764
8323768
8454844
8454848
8520388
8520392
8520396
8651472
8651476
8651480
8717020
8717024
8848100
8913640
8979180
8979184
9044724
9175800
9241340
9241344
9306884
9306888
9306892
9372432
9372436
9437976
9437980
9503520
9503524
9503528
9569068
9700144
9700148
9700152
9765692
9896768
10027844
10027848
10027852
10093392
10093396
10093400
10158940
10224480
10224484
10290024
10290028
10355568
10421108
10748792
10748796
10814336
10814340
10879880
10879884
10879888
10945428
10945432
11010972
11010976
11142052
11142056
11207596
11207600
11207604
11273144
11469756
11469760
11535300
11535304
11535308
11600848
11600852
11666392
11731932
11731936
11797476
11797480
11863020
11863024
11928564
11928568
12125180
12124160
12189700
12255240
12255244
12320784
12320788
12320792
12386332
12386336
12451876
12648488
12714028
12714032
12779572
12779576
12845116
12845120
12845124
12910664
12910668
13041744
13107284
13107288
13172828
13172832
13172836
13238376
13238380
13303920
13500532
13566072
13631612
13697152
13697156
13697160
13762700
13762704
13828244
13893784
13893788
13893792
13959332
13959336
14024876
14090416
14155956
14155960
14221500
14221504
14287044
14287048
14352588
14352592
14418132
14418136
14418140
14483680
14483684
14483688
14549228
14614768
14614772
14614776
14680316
14745856
14942468
14942472
15008012
15139088
15204628
15270168
15270172
15335712
15401252
15466792
15466796
15466800
15532340
15597880
15597884
15663424
15728964
15728968
15728972
15794512
15794516
15794520
15860060
15991136
16056676
16056680
16122220
16122224
16187764
16187768
16187772
16253312
16253316
16253320
16318860
16318864
16318868
16384408
16384412
16449952
16515492
16515496
16515500
16581040
16581044
16646584
16712124
448
452
456
65996
66000
197076
197080
262620
262624
328164
328168
328172
393712
524788
524792
590332
786944
786948
852488
852492
852496
918036
918040
918044
1049120
1049124
1311272
1376812
1442352
1442356
1573432
1573436
1638976
1638980
1638984
1704524
1770064
1770068
1770072
1835612
1835616
1901156
1901160
1966700
2032240
2032244
2032248
2097788
2163328
2163332
2228872
2294412
2294416
2359956
2359960
2359964
2425504
2622116
2687656
2753196
2818736
2818740
2949816
2949820
2949824
3080900
3080904
3080908
3146448
3277524
3343064
3408604
3408608
3474148
3474152
3474156
3539696
3539700
3539704
3605244
3605248
3801860
3801864
3801868
3932944
4064020
4064024
4129564
4326176
4326180
4326184
4391724
4391728
4391732
4457272
4457276
4522816
4522820
4588360
4588364
4653904
4653908
4784984
4850524
4850528
4916068
4916072
4916076
4981616
4981620
5112696
5112700
5178240
5178244
5243784
5243788
5309328
5309332
5309336
5374876
5374880
5440420
5440424
5440428
5505968
5571508
5637048
5637052
5702592
5702596
5768136
5833676
5964752
5964756
5964760
6095836
6095840
6161380
6161384
6226924
6226928
6226932
6292472
6292476
6291456
6356996
6422536
6422540
6553616
6553620
6553624
6619164
6619168
6684708
6750248
6750252
6881328
6946868
7012408
7012412
7012416
7143492
7143496
7143500
7209040
7209044
7209048
7340124
7340128
7405668
7405672
7405676
7471216
7536756
7536760
7602300
7602304
7667844
7667848
7929996
7930000
7930004
8061080
8126620
8126624
8192164
8192168
8257708
8257712
8388788
8388792
8388796
8454336
8454340
8454344
8519884
8519888
8519892
8585432
8585436
8650976
8716516
8716520
8782060
8782064
8782068
8978680
8978684
9109760
9109764
9240840
9240844
9371920
9371924
9371928
9437468
9437472
9437476
9503016
9503020
9634096
9765172
9765176
9961788
10092864
10092868
10092872
10158412
10158416
10355028
10355032
10355036
10420576
10682724
10748264
10813804
10879344
10879348
10879352
11010428
11075968
11075972
11075976
11141516
11141520
11207060
11207064
11207068
11272608
11403684
11403688
11469228
11534768
11600308
11600312
11600316
11665856
11731396
11796936
11796940
11796944
11862484
11862488
11928028
11993568
12059108
12124648
12124652
12190192
12255732
12255736
12321276
12386816
12386820
12386824
12452364
12452368
12452372
12517912
12517916
12517920
12583460
12714536
12714540
12845616
12845620
12845624
12911164
12911168
12911172
13042248
13107788
13107792
13238868
13238872
13238876
13304416
13304420
13304424
13369964
13435504
13435508
13501048
13501052
13501056
13566596
13566600
13566604
13632144
13632148
13632152
13697692
13697696
13697700
13763240
13763244
13763248
13828788
13828792
13828796
13959872
14025412
14222024
14287564
14287568
14287572
14418648
14418652
14484192
14484196
14484200
14680812
14680816
14746356
14746360
14811900
14877440
14942980
14942984
15008524
15205136
15270676
15270680
15336220
15336224
15336228
15401768
15401772
15467312
15532852
15532856
15598396
15663936
15729476
15729480
15795020
15860560
15860564
15926104
15991644
15991648
15991652
16057192
16057196
16057200
16122740
16122744
16122748
16188288
16253828
16319368
16319372
16319376
16384916
16384920
16384924
16450464
16450468
16516008
16516012
66480
66484
132024
132028
197568
197572
263112
263116
328656
328660
394200
394204
459744
525284
525288
590828
590832
590836
656376
852988
851968
917508
917512
983052
983056
983060
1048600
1048604
1114144
1179684
1179688
1245228
1245232
1245236
1376312
1441852
1441856
1441860
1572936
1638476
1638480
1704020
1704024
1704028
1769568
1769572
1835112
1835116
1900656
1900660
1966200
2031740
2097280
2097284
2097288
2228364
2228368
2228372
2424984
2424988
2490528
2490532
2621608
2621612
2687152
2687156
2752696
2752700
2752704
2883780
2883784
2883788
2949328
3145940
3145944
3277020
3277024
3277028
3342568
3342572
3342576
3408116
3473656
3473660
3539200
3604740
3670280
3670284
3670288
3735828
3735832
3801372
3866912
3932452
3932456
3997996
3998000
4063540
4129080
4194620
4194624
4260164
4325704
4325708
4391248
4391252
4391256
4522332
4718944
4981092
5112168
5112172
5177712
5243252
5243256
5374332
5439872
5439876
5439880
5505420
5570960
5570964
5636504
5702044
5702048
5702052
5833128
5898668
5898672
5898676
5964216
5964220
5964224
6029764
6160840
6160844
6226384
6226388
6291928
6291932
6423008
6488548
6488552
6488556
6554096
6750708
6750712
6750716
6816256
6816260
6881800
6881804
6881808
6947348
7012888
7012892
7078432
7078436
7078440
7143980
7275056
7275060
7275064
7340604
7340608
7340612
7406152
7406156
7406160
7602772
7602776
7668316
7733856
7733860
7733864
7930476
7996016
7996020
7996024
8061564
8061568
8061572
8127112
8127116
8127120
8192660
8192664
8258204
8258208
8258212
8323752
8323756
8389296
8389300
8389304
8454844
8520384
8520388
8717000
8717004
8782544
8782548
8848088
8848092
8848096
8913636
8913640
8979180
8979184
9110260
9110264
9110268
9241344
9241348
9241352
9306892
9437968
9503508
9634584
9634588
9831200
9831204
9831208
9896748
9896752
9962292
9962296
10027836
10027840
10093380
10093384
10093388
10158928
10158932
10158936
10224476
10224480
10290020
10290024
10421100
10552176
10683252
10879864
10879868
10945408
11010948
11076488
11142028
11142032
11207572
11207576
11207580
11273120
11338660
11338664
11338668
11404208
11404212
11404216
11535292
11535296
11535300
11600840
11666380
11731920
11797460
11863000
11863004
11928544
11994084
11994088
12059628
12059632
12059636
12125176
12125180
12189696
12189700
12255240
12320780
12320784
12320788
12386328
12386332
12386336
12451876
12517416
12582956
12648496
12648500
12714040
12714044
12779584
12779588
12779592
12845132
12845136
13041748
13107288
13172828
13238368
13238372
13238376
13303916
13369456
13369460
13500536
13566076
13631616
13631620
13697160
13697164
13697168
13828244
13893784
13893788
14024864
14155940
14155944
14221484
14221488
14221492
14287032
14287036
14287040
14352580
14352584
14418124
14483664
14483668
14549208
14549212
14614752
14680292
14680296
14680300
14745840
14745844
14745848
14811388
14811392
14876932
14876936
14942476
14942480
15008020
15073560
15139100
15139104
15139108
15204648
15270188
15401264
15401268
15401272
15466812
15466816
15532356
15532360
15597900
15597904
15597908
15663448
15728988
15728992
15794532
15794536
15794540
15860080
15860084
15860088
15925628
15991168
15991172
16187784
16187788
16187792
16449940
16449944
16515484
16515488
16581028
16581032
16646572
16646576
16646580
440
444
65984
131524
131528
131532
197072
197076
262616
262620
262624
393700
393704
393708
459248
459252
524792
524796
524800
590340
590344
655884
655888
655892
721432
721436
721440
786980
852520
918060
983600
1049140
1114680
1114684
1180224
1180228
1180232
1245772
1245776
1311316
1311320
1507932
1639008
1639012
1835624
1835628
1901168
1901172
1901176
2032252
2032256
2032260
2097800
2163340
2163344
2228884
2294424
2294428
2294432
2359972
2425512
2425516
2425520
2491060
2491064
2491068
2687680
2687684
2753224
2818764
2818768
2884308
2949848
2949852
3080928
3146468
3146472
3212012
3212016
3212020
3277560
3408636
3539712
3539716
3670792
3670796
3670800
3801876
3801880
3801884
3867424
3867428
3932968
3932972
3998512
4064052
4129592
4129596
4195136
4260676
4457288
4457292
4522832
4588372
4588376
4653916
4653920
4653924
4719464
4719468
4719472
4785012
4785016
4785020
4850560
4850564
4850568
5112716
5112720
5178260
5243800
5243804
5243808
5309348
5309352
5374892
5374896
5374900
5440440
5440444
5440448
5505988
5571528
5571532
5637072
5637076
5637080
5702620
5833696
5833700
5899240
5964780
5964784
6030324
6030328
6095868
6160384
6160388
6160392
6225932
6291472
6357012
6357016
6357020
6488096
6488100
6553640
6553644
6553648
6619188
6619192
6684732
6684736
6881348
7012424
7077964
7077968
7274580
7340120
7471196
7471200
7471204
7536744
7536748
7536752
7602292
7602296
7733372
7995520
7995524
8061064
8126604
8192144
8192148
8323224
8323228
8323232
8388772
8388776
8454316
8454320
8519860
8585400
8650940
8650944
8650948
8716488
8716492
8716496
8782036
8847576
8847580
8913120
8978660
8978664
9044204
9044208
9044212
9306360
9306364
9306368
9437444
9437448
9437452
9634064
9634068
9634072
9699612
9765152
9765156
9830696
9830700
9961776
9961780
9961784
10027324
10027328
10027332
10092872
10092876
10092880
10158420
10158424
10158428
10355040
10420580
10551656
10682732
10748272
10748276
10748280
10813820
10813824
10813828
10879368
10879372
10944912
10944916
10944920
11141532
11141536
11207076
11207080
11207084
11272624
11338164
11338168
11403708
11534784
11534788
11600328
11600332
11665872
11665876
11731416
11796956
11796960
11862500
11862504
11928044
11993584
11993588
11993592
12124668
12124672
12190212
12190216
12321292
12321296
12452372
12452376
12452380
12583456
12583460
12649000
12714540
12714544
12714548
12780088
12780092
12845632
12845636
12911176
12911180
13042256
13107796
13173336
13173340
13369952
13369956
13435496
13435500
13501040
13501044
13501048
13566588
13566592
13566596
13632136
13697676
13697680
13697684
13828760
13828764
13828768
13959844
13959848
14025388
14090928
14090932
14090936
14222012
14222016
14484164
14615240
14615244
14811856
14811860
14811864
14942940
14942944
15074020
15139560
15205100
15270640
15336180
15467256
15467260
15467264
15532804
15532808
15598348
15598352
15663892
15729432
15794972
15926048
15926052
16057128
16188204
16253744
16253748
16319288
16384828
16384832
16450372
16450376
16515916
16581456
16581460
16581464
16647004
16647008
16712548
16712552
16712556
880
884
888
66428
131968
197508
197512
263052
263056
263060
328600
328604
459680
459684
459688
721836
721840
721844
787384
787388
787392
918468
1049544
1115084
1115088
1115092
1180632
1246172
1311712
1442788
1508328
1573868
1573872
1573876
1639416
1704956
1703936
1769476
1769480
1769484
1835024
1835028
1900568
1900572
1900576
1966116
1966120
1966124
2031664
2097204
2097208
2097212
2228288
2228292
2228296
2293836
2359376
2359380
2424920
2424924
2424928
2490468
2556008
2556012
2556016
2621556
2687096
2687100
2687104
2752644
2752648
2752652
2883728
2883732
2883736
3014812
3014816
3014820
3080360
3080364
3080368
3145908
3145912
3211452
3211456
3276996
3277000
3277004
3342544
3342548
3473624
3473628
3604704
3604708
3604712
3670252
3670256
3735796
3735800
3801340
3801344
3866884
3866888
3866892
3932432
3932436
3932440
4063516
4129056
4129060
4194600
4194604
4194608
4260148
4260152
4325692
4325696
4391236
4456776
4456780
4456784
4653396
4784472
4784476
4850016
4915556
4981096
4981100
5112176
5112180
5177720
5374332
5374336
5439876
5439880
5439884
5570960
5570964
5570968
5636508
5702048
5702052
5833128
5833132
5964208
5964212
6029752
6029756
6029760
6095300
6095304
6160844
6160848
6160852
6357464
6357468
6423008
6423012
6423016
6488556
6488560
6554100
6685176
6816252
6816256
6816260
6881800
6881804
6947344
6947348
6947352
7078428
7143968
7143972
7209512
7275052
7275056
7275060
7340600
7340604
7471680
7471684
7537224
7602764
7602768
7602772
7668312
7668316
7668320
7864932
7930472
7930476
7930480
7996020
7996024
8127100
8127104
8192644
8192648
8258188
8323728
8389268
8389272
8520348
8585888
8585892
8585896
8651436
8716976
8716980
8716984
8848060
8913600
8913604
8913608
8979148
8979152
9044692
9044696
9044700
9110240
9110244
9175784
9175788
9175792
9241332
9372408
9437948
9503488
9503492
9569032
9569036
9569040
9700116
9700120
9765660
9765664
9765668
9831208
9896748
9896752
9896756
10027832
10093372
10093376
10224452
10224456
10289996
10290000
10290004
10355544
10355548
10355552
10421092
10552168
10617708
10617712
10617716
10683256
10683260
10748800
10748804
10814344
10879884
11010960
11010964
11010968
11076508
11076512
11076516
11142056
11142060
11207600
11207604
11207608
11273148
11338688
11338692
11404232
11404236
11404240
11469780
11469784
11469788
11600864
11600868
11600872
11666412
11666416
11797492
11797496
11797500
11862016
11862020
12058632
12124172
12124176
12189716
12189720
12255260
12255264
12255268
12386344
12517420
12517424
12582964
12582968
12648508
12648512
12648516
12714056
12714060
12714064
12779604
12845144
12910684
12910688
12910692
13041768
13107308
13303920
13303924
13369464
13369468
13369472
13500548
13697160
13697164
13762704
13828244
13893784
13893788
13959328
14024868
14024872
14090412
14090416
14155956
14155960
14287036
14352576
14418116
14418120
14418124
14549200
14549204
14549208
14614748
14614752
14614756
14680296
14745836
14876912
14942452
14942456
15073532
15073536
15204612
15270152
15335692
15335696
15401236
15532312
15532316
15532320
15597860
15663400
15663404
15860016
15925556
15925560
15991100
15991104
16056644
16056648
16122188
16187728
16187732
16187736
16318812
16318816
16384356
16384360
16384364
16449904
16449908
16515448
16580988
16646528
16712068
16712072
16712076
400
131476
131480
197020
197024
328100
393640
590252
590256
655796
655800
721340
721344
786884
852424
852428
852432
983508
983512
983516
1049056
1114596
1114600
1114604
1180144
1180148
1180152
1442300
1442304
1507844
1573384
1573388
1638928
1770004
1770008
1835548
1835552
1901092
1901096
1901100
1966640
1966644
1966648
2032188
2032192
2032196
2097736
2163276
2163280
2228820
2294360
2294364
2294368
2359908
2359912
2359916
2490992
2490996
2556536
2556540
2556544
2622084
2622088
2753164
2818704
2818708
2884248
2949788
3015328
3015332
3015336
3146412
3146416
3211956
3277496
3343036
3343040
3343044
3408584
3408588
3408592
3539668
3539672
3605212
3605216
3670756
3670760
3932908
3932912
3932916
3998456
3998460
3998464
4064004
4129544
4129548
4129552
4195092
4195096
4260636
4260640
4326180
4391720
4391724
4457264
4522804
4522808
4522812
4588352
4588356
4653896
4653900
4653904
4719444
4719448
4784988
4784992
4916068
4981608
5112684
5112688
5178228
5309304
5309308
5374848
5440388
5440392
5440396
5637008
5637012
5637016
5833628
5833632
5833636
5899176
5899180
5899184
5964724
5964728
6095804
6095808
6095812
6161352
6161356
6161360
6226900
6226904
6226908
6292448
6292452
6292456
6357996
6423536
6423540
6489080
6554620
6553600
6553604
6619144
6619148
6684688
6684692
6684696
6750236
6815776
6946852
6946856
7012396
7012400
7012404
7143480
7209020
7274560
7340100
7340104
7340108
7471184
7602260
7602264
7602268
7667808
7667812
7667816
7733356
7733360
7733364
7798904
7798908
7798912
7864452
7929992
7929996
7995536
8061076
8061080
8192156
8257696
8323236
8323240
8388780
8454320
8454324
8585400
8716476
8716480
8716484
8782024
8782028
8782032
8847572
8913112
8913116
8978656
8978660
8978664
9044204
9044208
9109748
9109752
9109756
9175296
9175300
9175304
9240844
9240848
9306388
9371928
9371932
9437472
9437476
9503016
9568556
9568560
9568564
9634104
9699644
9699648
9699652
9765192
9896268
9961808
10027348
10027352
10092892
10092896
10158436
10223976
10223980
10223984
10289524
10420600
10551676
10617216
10617220
10617224
10682764
10682768
10748308
10879384
10944924
10944928
11010468
11010472
11076012
11141552
11141556
11207096
11207100
11207104
11272644
11272648
11338188
11469264
11469268
11534808
11534812
11600352
11665892
11665896
11796972
11862512
11862516
11993592
12059132
12059136
12059140
12124680
12124684
12190224
12190228
12255768
12255772
12321312
12321316
12321320
12386860
12452400
12452404
12517944
12583484
12583488
12583492
12649032
12649036
12845648
13042260
13173336
13238876
13304416
13435492
13435496
13566572
13566576
13632116
13632120
13697660
13697664
13763204
13763208
13828748
13828752
13828756
13959832
13959836
13959840
14025380
14025384
14090924
14090928
14156468
14156472
14156476
14222016
14222020
14287560
14287564
14353104
14353108
14353112
14418652
14418656
14484196
14484200
14484204
14549744
14680820
14680824
14746364
14746368
14811908
14877448
14877452
14942992
14942996
15074072
15074076
15139616
15139620
15139624
15205164
15336240
15336244
15336248
15401788
15401792
15467332
15532872
15532876
15532880
15598420
15598424
15598428
15663968
15663972
15729512
15729516
15729520
15795060
15795064
15860604
15860608
15926148
15926152
15926156
16122768
16122772
16188312
16253852
16253856
16253860
16319400
16319404
16319408
16450484
16450488
16581564
16581568
16581572
16647112
16647116
16647120
16712660
16712664
988
992
132068
132072
132076
197616
197620
328696
328700
327680
393220
393224
458764
458768
524308
655384
655388
655392
720932
720936
786476
786480
852020
852024
917564
917568
917572
983112
983116
1048656
1310804
1310808
1310812
1376352
1376356
1376360
1507436
1507440
1572980
1704056
1704060
1835136
1835140
1900680
1900684
1900688
1966228
1966232
2031772
2097312
2097316
2097320
2228396
2228400
2228404
2293944
2293948
2359488
2425028
2556104
2556108
2621648
2621652
2621656
2752732
2752736
2752740
2883816
2883820
2883824
2949364
2949368
2949372
3014912
3014916
3080456
3145996
3146000
3146004
3211544
3277084
3277088
3277092
3342632
3408172
3408176
3408180
3473720
3473724
3670336
3735876
3801416
3801420
3866960
3932500
3932504
3932508
3998048
4063588
4129128
4129132
4129136
4260212
4260216
4260220
4325760
4325764
4325768
4391308
4391312
4391316
4456856
4456860
4522400
4522404
4522408
4653484
4784560
4850100
4850104
4850108
4915648
4915652
5112264
5112268
5243344
5308884
5308888
5308892
5374432
5374436
5374440
5439980
5439984
5439988
5636600
5702140
5833216
5833220
5833224
5898764
5898768
5964308
6029848
6095388
6226464
6226468
6292008
6292012
6423088
6554164
6619704
6619708
6619712
6685252
6685256
6750796
6816336
6816340
6816344
6881884
6881888
6947428
7012968
7012972
7078512
7078516
7078520
7144060
7144064
7144068
7209608
7209612
7406224
7471764
7537304
7537308
7537312
7602852
7602856
7602860
7668400
7668404
7733944
7733948
7799488
7799492
7799496
7865036
7930576
8127188
8192728
8258268
8258272
8389348
8454888
8454892
8454896
8520436
8520440
8520444
8585984
8585988
8585992
8651532
8651536
8782612
8782616
8913692
8979232
8979236
8979240
9044780
9044784
9110324
9175864
9175868
9175872
9241412
9241416
9241420
9306960
9306964
9372504
9372508
9372512
9569124
9569128
9569132
9634672
9634676
9634680
9765756
9765760
9896836
9896840
9896844
9962384
10027924
10027928
10027932
10093472
10093476
10159016
10224556
10290096
10290100
10290104
10355644
10421184
10552260
10617800
10617804
10617808
10683348
10683352
10748892
10814432
10814436
10814440
11011052
11142128
11142132
11207672
11207676
11206656
11272196
11272200
11337740
11403280
11403284
11468824
11599900
11599904
11665444
11665448
11730988
11730992
11730996
11796536
11796540
11862080
11862084
11862088
11993164
12124240
12124244
12189784
12189788
12189792
12255332
12255336
12320876
12386416
12386420
12517496
12517500
12517504
12583044
12583048
12583052
12648592
12779668
12779672
12779676
12910752
12910756
13041832
13041836
13172912
13172916
13238456
13303996
13304000
13304004
13500616
13500620
13631696
13697236
13697240
13762780
13762784
13828324
13893864
13893868
13959408
13959412
14024952
14024956
14090496
14156036
14221576
14287116
14287120
14287124
14352664
14483740
14483744
14483748
14549288
14549292
14549296
14614836
14680376
14680380
14680384
14745924
14745928
14745932
14811472
14811476
14942552
14942556
15073632
15073636
15139176
15204716
15401328
15401332
15401336
15466876
15466880
15597956
15597960
15663500
15663504
15729044
15729048
15925660
15925664
15925668
15991208
15991212
15991216
16056756
16122296
16122300
16187840
16187844
16187848
16253388
16384464
16450004
16450008
16450012
16515552
16515556
16515560
16646636
16646640
16712180
16712184
66044
66048
66052
131592
197132
262672
328212
393752
393756
393760
459300
459304
459308
524848
590388
590392
655932
721472
852548
918088
918092
1114704
1180244
1180248
1245788
1245792
1245796
1311336
1311340
1376880
1376884
1376888
1442428
1507968
1507972
1573512
1573516
1573520
1704596
1704600
1704604
1770144
1770148
1770152
1835692
1835696
1966772
2032312
2032316
2032320
2097860
2163400
2163404
2228944
2360020
2360024
2425564
2425568
2491108
2556648
2556652
2687728
2753268
2818808
2818812
2884352
3015428
3015432
3080972
3080976
3146516
3146520
3146524
3277600
3277604
3343144
3343148
3343152
3408692
3408696
3539772
3605312
3605316
3605320
3736396
3736400
3736404
3867480
3867484
3867488
4064100
4195176
4195180
4195184
4260724
4260728
4260732
4326272
4326276
4391816
4391820
4391824
4522900
4522904
4588444
4588448
4653988
4653992
4653996
4719536
4850612
4916152
4916156
4981696
4981700
5112776
5112780
5243856
5243860
5309400
5374940
5374944
5440484
5440488
5440492
5571568
5702644
5702648
5964796
6029312
6094852
6094856
6225932
6291472
6357012
6357016
6357020
6553632
6553636
6553640
6619180
6750256
6750260
6815800
6881340
6881344
6881348
7012424
7077964
7077968
7077972
7143512
7143516
7209056
7209060
7274600
7274604
7340144
7340148
7405688
7536764
7602304
7602308
7602312
7667852
7798928
7798932
7798936
7864476
7864480
8061092
8061096
8126636
8126640
8126644
8192184
8257724
8257728
8257732
8323272
8454348
8519888
8519892
8519896
8585436
8650976
8782052
8847592
8847596
8847600
8913140
8913144
8913148
8978688
8978692
8978696
9044236
9109776
9109780
9175320
9175324
9175328
9306404
9306408
9306412
9371952
9371956
9371960
9437500
9437504
9503044
9503048
9503052
9568592
9568596
9830744
9830748
9830752
9896292
9896296
9961836
9961840
10027380
10092920
10092924
10158464
10158468
10224008
10224012
10224016
10289556
10355096
10355100
10355104
10420644
10551720
10617260
10617264
10617268
10682808
10682812
10682816
10813892
10813896
10879436
10879440
10879444
10944984
11076060
11076064
11076068
11141608
11141612
11207152
11207156
11207160
11272700
11272704
11403780
11403784
11403788
11469328
11534868
11534872
11534876
11600416
11600420
11600424
11665964
11665968
11731508
11731512
11731516
11797056
11797060
11797064
11862604
11862608
11862612
11993688
11993692
12059232
12124772
12124776
12190316
12190320
12190324
12255864
12386940
12386944
12386948
12452488
12452492
12518032
12518036
12649112
12649116
12649120
12780196
12911272
12911276
12911280
13042356
13042360
13173436
13173440
13173444
13238984
13238988
13304528
13304532
13370072
13435612
13435616
13566692
13566696
13697772
13697776
13763316
13763320
13763324
13828864
13828868
13828872
13894412
13894416
13894420
13959960
14025500
14025504
14091044
14156584
14156588
14156592
14222132
14222136
14222140
14287680
14287684
14287688
14353228
14353232
14418772
14418776
14418780
14484320
14484324
14549864
14549868
14615408
14615412
14812024
14812028
14812032
14877572
14943112
14943116
15074192
15074196
15074200
15205276
15336352
15664036
15664040
15664044
15729584
15729588
15795128
15795132
15795136
15860676
15991752
16057292
16057296
16122836
16122840
16122844
16188384
16253924
16253928
16253932
16319472
16385012
16385016
16385020
16449536
16449540
16449544
16515084
16515088
16515092
16580632
16580636
16646176
16711716
40
65580
65584
65588
131128
131132
196672
262212
262216
524364
524368
655444
655448
655452
786528
786532
917608
983148
983152
983156
1114232
1114236
1245312
1245316
1376392
1376396
1441936
1441940
1507480
1507484
1507488
1573028
1573032
1638572
1638576
1638580
1704120
1769660
1769664
1835204
1835208
1966284
2031824
2097364
2097368
2097372
2228448
2228452
2228456
2293996
2294000
2359540
2359544
2359548
2425088
2425092
2425096
2490636
2490640
2490644
2556184
2556188
2621728
2687268
2687272
2949420
2949424
3014964
3014968
3146044
3146048
3146052
3211592
3211596
3211600
3408212
3473752
3473756
3539296
3539300
3539304
3604844
3604848
3735924
3801464
3801468
3801472
3998084
3998088
3998092
4194704
4456852
4522392
4653468
4719008
4719012
4719016
4784556
4784560
4784564
4915640
4915644
4981184
5112260
5112264
5243340
5243344
5243348
5308888
5308892
5308896
5374436
5571048
5636588
5636592
5898740
5898744
5898748
5964288
6029828
6029832
6095372
6095376
6095380
6357528
6357532
6423072
6423076
6423080
6488620
6488624
6488628
6554168
6554172
6619712
6619716
6619720
6685260
6685264
6685268
6750808
6750812
6750816
6816356
6816360
6816364
6881904
6947444
6947448
6947452
7078528
7078532
7209608
7209612
7209616
7340692
7340696
7340700
7406240
7471780
7471784
7471788
7733936
7733940
7733944
7799484
7799488
7799492
7865032
7865036
7930576
7930580
7930584
7996124
7996128
7996132
8192744
8323820
8323824
8323828
8454904
8454908
8520448
8520452
8585992
8585996
8586000
8651540
8651544
8651548
8848160
8848164
8913704
8913708
8979248
8979252
8979256
9044796
9175872
9175876
9241416
9503564
9503568
9569108
9569112
9634652
9700192
9765732
9765736
9831276
9831280
9962356
9962360
9962364
10027904
10027908
10093448
10093452
10158992
10158996
10159000
10224540
10290080
10290084
10290088
10421164
10552240
10617780
10617784
10617788
10683328
10683332
10683336
10748876
10748880
10748884
10814424
10879964
10879968
10879972
10945512
10945516
10945520
11011060
11011064
11011068
11075584
11141124
11141128
11206668
11206672
11272212
11272216
11403292
11534368
11665444
11665448
11730988
11730992
11862068
11862072
11862076
11927616
11927620
11927624
11993164
11993168
11993172
12058712
12058716
12058720
12124260
12124264
12189804
12189808
12189812
12320888
12320892
12648576
12648580
12714120
12910732
13041808
13041812
13107352
13107356
13107360
13238436
13238440
13369516
13369520
13500596
13500600
13566140
13566144
13566148
13631688
13631692
13631696
13697236
13828312
13893852
13959392
13959396
13959400
14024940
14024944
14024948
14156024
14221564
14221568
14418180
14418184
14483724
14614800
14614804
14614808
14680348
14745888
14876964
14876968
14942508
14942512
15073588
15073592
15073596
15139136
15139140
15204680
15204684
15270224
15270228
15270232
15335772
15335776
15401316
15466856
15532396
15597936
15597940
15597944
15663484
15663488
15663492
15729032
15794572
15860112
15860116
15991192
15991196
15991200
16056740
16056744
16056748
16187824
16187828
16187832
16253372
16253376
16318916
16318920
16449996
16450000
16450004
16515544
16515548
16712160
484
488
492
66032
66036
131576
131580
131584
197124
262664
262668
328208
328212
393752
459292
524832
524836
524840
590380
590384
590388
852536
852540
852544
983620
983624
1114700
1114704
1114708
1180248
1245788
1311328
1311332
1311336
1376876
1376880
1442420
1442424
1442428
1507968
1507972
1507976
1573516
1639056
1639060
1704600
1704604
1704608
1770148
1835688
1835692
2032304
2032308
2032312
2097852
2163392
2163396
2294472
2556620
2622160
2622164
2687704
2687708
2753248
2753252
2818792
2818796
2884336
2884340
2949880
2949884
2949888
3015428
3080968
3146508
3146512
3146516
3212056
3212060
3212064
3277604
3277608
3343148
3343152
3408692
3539768
3605308
3670848
3670852
3670856
3736396
3736400
3736404
3801944
3867484
3933024
3998564
4129640
4326252
4326256
4391796
4457336
4457340
4457344
4522884
4588424
4588428
4653968
4653972
4653976
4785052
4785056
4850596
4850600
4916140
4916144
4916148
5112760
5112764
5243840
5243844
5243848
5309388
5374928
5374932
5374936
5571548
5571552
5702628
5768168
5768172
5768176
5899252
5899256
6030332
6029312
6029316
6160392
6225932
6225936
6225940
6291480
6291484
6291488
6357028
6422568
6422572
6488112
6488116
6619192
6684732
6750272
6750276
6750280
6815820
6881360
6881364
6881368
6946908
6946912
7012452
7012456
7012460
7078000
7143540
7143544
7143548
7274624
7274628
7405704
7471244
7471248
7536788
7536792
7667868
7667872
7667876
7733416
7733420
7798960
7798964
7798968
7864508
7864512
7930052
7930056
7995596
7995600
8061140
8061144
8126684
8257760
8388836
8388840
8388844
8519920
8519924
8651000
8651004
8716544
8782084
8782088
8782092
8847632
8978708
8978712
8978716
9109792
9175332
9175336
9240876
9240880
9306420
9371960
9437500
9568576
9568580
9634120
9634124
9699664
9699668
9765208
9765212
9765216
9830756
9896296
9896300
9896304
10092916
10158456
10158460
10158464
10224004
10224008
10224012
10289552
10289556
10355096
10420636
10551712
10617252
10617256
10617260
10682800
10682804
10682808
10748348
10748352
10879428
10879432
10944972
11010512
11010516
11141592
11141596
11207136
11207140
11272680
11272684
11338224
11338228
11338232
11403772
11403776
11469316
11469320
11469324
11534864
11534868
11534872
11600412
11600416
11665956
11665960
11731500
11731504
11797044
11797048
11862588
11862592
11862596
11928136
11928140
11928144
12124756
12124760
12255836
12255840
12255844
12452456
12452460
12518000
12518004
12518008
12583548
12714624
12780164
12780168
12780172
12845712
12845716
12845720
12911260
12911264
13042340
13042344
13107884
13107888
13107892
13173432
13238972
13238976
13238980
13304520
13304524
13304528
13370068
13370072
13435612
13435616
13566692
13632232
13697772
13828848
13828852
13828856
13894396
13894400
13894404
13959944
13959948
14025488
14025492
14025496
14091036
14091040
14091044
14156584
14156588
14156592
14287668
14353208
14353212
14418752
14549828
14549832
14680908
14680912
14746452
14746456
14877532
14877536
14877540
14943080
14943084
15008624
15008628
15008632
15139708
15205248
15205252
15270792
15270796
15270800
15336340
15336344
15336348
15401888
15401892
15467432
15467436
15532976
15598516
15664056
15664060
15664064
15795140
15795144
15795148
15860688
15860692
15860696
15926236
15991776
15991780
16122856
16319468
16319472
16319476
16385016
16450556
16449536
16449540
16515080
16515084
16580624
16580628
16646168
16646172
16646176
65572
65576
131116
196656
262196
262200
262204
393280
393284
458824
458828
524368
524372
524376
589916
655456
655460
721000
721004
721008
786548
852088
852092
917632
917636
917640
983180
1114256
1114260
1114264
1179804
1179808
1179812
1310888
1310892
1376432
1376436
1507512
1507516
1507520
1638596
1638600
1704140
1769680
1769684
1769688
1835228
1835232
1966308
1966312
1966316
2031856
2097396
2097400
2097404
2228480
2228484
2294024
2294028
2294032
2359572
2425112
2490652
2490656
2556196
2621736
2621740
2621744
2687284
2687288
2687292
2949440
3014980
3080520
3080524
3211600
3211604
3342680
3342684
3342688
3473764
3473768
3539308
3539312
3670388
3670392
3735932
3801472
3801476
3801480
3867020
3867024
3932564
4129176
4194716
4194720
4260260
4325800
4391340
4391344
4653492
4653496
4719036
4719040
4784580
4850120
4915660
4915664
4915668
4981208
4981212
5112288
5112292
5308904
5308908
5308912
5374452
5374456
5505532
5505536
5505540
5571080
5571084
5571088
5636628
5636632
5702172
5702176
5702180
5767720
5767724
5767728
5833268
5898808
6095420
6160960
6226500
6226504
6292044
6292048
6488660
6488664
6554204
6554208
6619748
6619752
6619756
6816368
6816372
6816376
6947452
7012992
7012996
7144072
7275148
7340688
7406228
7406232
7471772
7537312
7668388
7668392
7799468
7799472
7799476
7865016
7865020
7865024
7930564
7996104
8061644
8127184
8127188
8127192
8258268
8258272
8323812
8323816
8389356
8389360
8389364
8454904
8520444
8585984
8585988
8717064
8782604
8782608
8913684
8913688
8913692
8979232
8979236
8979240
9110316
9110320
9110324
9175864
9175868
9241408
9241412
9241416
9306956
9306960
9372500
9372504
9438044
9438048
9438052
9503592
9503596
9503600
9569140
9634680
9634684
9634688
9700228
9700232
9700236
9765776
9831316
9896856
9962396
10027936
10093476
10224552
10355628
10355632
10355636
10421176
10552252
10617792
10617796
10617800
10748876
10814416
10814420
10879960
10879964
10945504
10945508
11011048
11076588
11076592
11076596
11142136
11142140
11206656
11206660
11272200
11272204
11272208
11337748
11337752
11337756
11468832
11468836
11534376
11599916
11599920
11599924
11665464
11665468
11665472
11731012
11731016
11796556
11796560
11796564
11862104
11862108
11862112
11927652
11927656
11927660
11993200
12058740
12058744
12124284
12124288
12255364
12255368
12320908
12320912
12320916
12386456
12451996
12452000
12452004
12517544
12583084
12648624
12648628
12648632
12714172
12714176
12779716
12779720
12845260
12845264
12845268
12910808
12910812
12910816
13041892
13041896
13107436
13107440
13172980
13172984
13238524
13238528
13238532
13304072
13369612
13369616
13369620
13500696
13500700
13566240
13566244
13566248
13697324
13762864
13828404
13893944
14025020
14025024
14025028
14090568
14090572
14090576
14156116
14221656
14221660
14287200
14287204
14352744
14352748
14352752
14549364
14614904
14680444
14680448
14680452
14745992
14745996
14746000
14811540
14877080
14942620
14942624
15008164
15008168
15008172
15204784
15204788
15270328
15270332
15270336
15401412
15401416
15466956
15466960
15466964
15532504
15532508
15663584
15663588
15663592
15729132
15729136
15729140
15794680
15925756
15925760
16056836
16122376
16187916
16187920
16253460
16253464
16253468
16384544
16384548
16384552
16450092
16450096
16450100
16515640
16581180
16581184
16581188
16646728
16646732
592
596
66136
131676
131680
197220
262760
262764
262768
328308
328312
328316
393856
393860
393864
459404
459408
459412
590488
590492
590496
656036
656040
656044
721584
721588
721592
787132
787136
787140
852680
918220
918224
983764
983768
983772
1049312
1049316
1049320
1180396
1245936
1245940
1245944
1311484
1377024
1442564
1442568
1573644
1573648
1573652
1639192
1704732
1704736
1770276
1770280
1835820
1835824
1966900
1966904
1966908
2032448
2032452
2032456
2097996
2163536
2163540
2294616
2360156
2360160
2425700
2491240
2491244
2491248
2556788
2753400
2753404
2818944
2818948
2884488
2884492
2950032
2950036
3081112
3081116
3081120
3212196
3277736
3277740
3343280
3408820
3408824
3408828
3605440
3605444
3605448
3670988
3670992
3736532
3736536
3736540
3802080
3867620
3867624
3867628
3933168
3933172
3998712
3998716
3997696
4128772
4128776
4194316
4259856
4325396
4325400
4325404
4390944
4390948
4390952
4456492
4456496
4522036
4522040
4522044
4587584
4587588
4784200
4849740
4849744
4849748
4980824
5111900
5111904
5111908
5177448
5177452
5177456
5242996
5374072
5505148
5505152
5505156
5570696
5570700
5570704
5636244
5767320
5767324
5767328
5832868
6029480
6095020
6095024
6095028
6160568
6226108
6291648
6357188
6357192
6357196
6422736
6422740
6422744
6488284
6619360
6684900
6684904
6750444
6815984
6881524
6881528
7078140
7078144
7078148
7143688
7143692
7143696
7209236
7274776
7274780
7274784
7340324
7340328
7340332
7405872
7405876
7536952
7536956
7536960
7602500
7668040
7733580
7733584
7733588
7799128
7799132
7799136
7864676
7864680
7864684
7995760
8061300
8061304
8061308
8257920
8257924
8323464
8323468
8323472
8389012
8389016
8454556
8454560
8454564
8651176
8651180
8651184
8716724
8782264
8847804
8847808
8847812
8913352
8913356
8978896
8978900
8978904
9044444
9044448
9044452
9175528
9306604
9306608
9306612
9372152
9372156
9437696
9503236
9503240
9568780
9765392
9765396
9896472
9896476
9896480
9962020
9962024
10027564
10027568
10093108
10158648
10224188
10224192
10224196
10289736
10289740
10420816
10551892
10617432
10617436
10617440
10814052
10879592
11010668
11076208
11141748
11141752
11207292
11207296
11272836
11272840
11272844
11338384
11338388
11403928
11403932
11469472
11469476
11535016
11535020
11535024
11666100
11666104
11666108
11731648
11862724
11862728
11862732
11928272
11928276
11993816
11993820
12059360
12059364
12059368
12124908
12255984
12255988
12321528
12387068
12387072
12452612
12583688
12583692
12649232
12714772
12714776
12780316
12845856
12845860
12911400
13042476
13042480
13108020
13108024
13304636
13304640
13304644
13435720
13435724
13566800
13632340
13632344
13632348
13697888
13763428
13828968
13828972
13828976
13894516
13894520
13894524
13960064
13960068
13960072
14025612
14025616
14025620
14091160
14091164
14156704
14156708
14156712
14222252
14287792
14287796
14353336
14418876
14418880
14418884
14484424
14484428
14484432
14549972
14549976
14549980
14615520
14615524
14812136
14812140
14877680
14877684
14943224
14943228
15007744
15007748
15007752
15073292
15138832
15138836
15204376
15204380
15269920
15269924
15335464
15401004
15401008
15401012
15532088
15532092
15597632
15597636
15597640
15728716
15728720
15728724
15859800
15925340
15925344
15990884
15990888
16056428
16056432
16121972
16121976
16253052
16318592
16449668
16449672
16449676
16515216
16580756
16711832
16711836
16711840
164
168
172
65712
327860
590008
655548
721088
721092
786632
917708
983248
983252
1048792
1048796
1048800
1114340
1179880
1179884
1245424
1245428
1376504
1442044
1442048
1442052
1573128
1573132
1638672
1769748
1835288
1900828
1966368
1966372
2031912
2097452
2097456
2097460
2228536
2228540
2359616
2359620
2359624
2425164
2425168
2490708
2621784
2621788
2949472
2949476
2949480
3080556
3342704
3342708
3408248
3408252
3473792
3473796
3473800
3539340
3539344
3604884
3604888
3670428
3735968
3867044
3932584
3932588
3998128
3998132
4129208
4129212
4194752
4194756
4194760
4260300
4260304
4325844
4325848
4456924
4456928
4456932
4522472
4522476
4522480
4588020
4588024
4588028
4653568
4653572
4719112
4850188
4850192
5112340
5112344
5112348
5177888
5177892
5177896
5243436
5243440
5308980
5308984
5374524
5374528
5374532
5505608
5505612
5505616
5636692
5636696
5636700
5702240
5767780
5767784
5767788
5833328
5833332
5898872
5898876
5964416
5964420
5964424
6029964
6029968
6161044
6357656
6357660
6423200
6423204
6554280
6554284
6619824
6619828
6619832
6685372
6750912
6947524
6947528
6947532
7013072
7013076
7013080
7078620
7078624
7144164
7144168
7209708
7275248
7406324
7406328
7471868
7471872
7471876
7537416
7537420
7602960
7734036
7734040
7799580
7799584
7799588
7930664
7930668
7930672
8061748
8127288
8127292
8192832
8192836
8192840
8258380
8258384
8258388
8323928
8389468
8389472
8586084
8586088
8651628
8651632
8717172
8717176
8848252
8848256
9044868
9044872
9044876
9110416
9175956
9241496
9372572
9372576
9372580
9438120
9438124
9503664
9569204
9634744
9831356
9831360
9831364
9896904
9896908
9962448
9962452
9962456
10093532
10159072
10224612
10355688
10421228
10552304
10617844
10617848
10617852
10747904
10747908
10747912
10878988
10944528
11141140
11141144
11206684
11206688
11272228
11272232
11272236
11337776
11337780
11403320
11403324
11403328
11468868
11534408
11534412
11599952
11599956
11665496
11665500
11665504
11731044
11796584
11796588
11862128
11862132
11862136
11927676
11927680
11993220
11993224
11993228
12124304
12255380
12386456
12386460
12452000
12452004
12452008
12517548
12517552
12583092
12583096
12714172
12714176
12779716
12779720
12779724
12845264
12845268
12910808
12910812
13041888
13041892
13107432
13107436
13172976
13304052
13304056
13500668
13500672
13566212
13566216
13631756
13631760
13697300
13762840
13762844
13828384
13959460
13959464
14025004
14025008
14025012
14090552
14221628
14221632
14221636
14287176
14287180
14287184
14352724
14352728
14352732
14418272
14418276
14483816
14483820
14549360
14614900
14614904
14614908
14680448
14745988
14811528
14811532
14811536
14877076
14877080
14877084
14942624
14942628
15008168
15008172
15008176
15073716
15139256
15204796
15204800
15270340
15270344
15335884
15335888
15466964
15466968
15532508
15532512
15532516
15598056
15729132
15729136
15794676
15794680
15860220
15860224
15925764
15925768
15925772
15991312
16056852
16056856
16056860
16122400
16122404
16122408
16187948
16187952
16253492
16253496
16253500
16319040
16384580
16581192
16581196
16581200
16646740
16646744
16646748
16712288
16712292
16712296
620
66160
131700
328312
328316
328320
393860
459400
524940
590480
590484
590488
656028
656032
721572
721576
787116
787120
852660
852664
852668
983744
1049284
1049288
1049292
1114832
1114836
1245912
1311452
1311456
1573604
1704680
1704684
1770224
1770228
1770232
1835772
1901312
1966852
2032392
2032396
2032400
2097940
2163480
2163484
2294560
2294564
2425640
2425644
2425648
2491188
2491192
2622268
2622272
2622276
2687816
2753356
2753360
2818900
2818904
2884444
2884448
2949988
3015528
3015532
3015536
3081076
3081080
3277692
3277696
3408772
3408776
3474316
3539856
3539860
3539864
3605404
3736480
3736484
3736488
3802028
3802032
3867572
3867576
3933116
3933120
4129732
4129736
4129740
4195280
4195284
4260824
4260828
4260832
4457444
4522984
4522988
4588528
4719604
4719608
4719612
4784128
4784132
4784136
4915212
4980752
4980756
5111832
5111836
5111840
5177380
5177384
5177388
5242928
5242932
5374008
5374012
5505088
5505092
5505096
5636172
5701712
5701716
5701720
5767260
5767264
5767268
5832808
5832812
5898352
5963892
5963896
5963900
6029440
6029444
6029448
6094988
6160528
6160532
6226072
6226076
6226080
6291620
6291624
6291628
6357168
6422708
6684856
6684860
6684864
6750404
6750408
6815948
6815952
6881492
6947032
6947036
7012576
7012580
7078120
7078124
7209200
7209204
7274744
7274748
7274752
7340292
7405832
7405836
7405840
7471380
7471384
7471388
7536928
7602468
7668008
7668012
7668016
7733556
7799096
7799100
7930176
7995716
7995720
7995724
8061264
8061268
8061272
8126812
8126816
8126820
8192360
8192364
8192368
8323444
8323448
8388988
8454528
8454532
8520072
8520076
8520080
8716692
8716696
8782236
8782240
8782244
8847784
8847788
8913328
8913332
8913336
9044412
9044416
9109956
9109960
9109964
9175504
9241044
9241048
9306588
9634272
9634276
9699816
9765356
9765360
9830900
9830904
10027516
10158592
10158596
10224136
10224140
10224144
10289684
10289688
10289692
10355232
10355236
10355240
10420780
10486320
10486324
10486328
10551868
10617408
10617412
10682952
10748492
10748496
10814036
10814040
10814044
10945120
10945124
10945128
11010668
11010672
11010676
11076216
11076220
11076224
11141764
11141768
11207308
11207312
11272852
11272856
11272860
11338400
11403940
11600552
11600556
11600560
11666100
11666104
11666108
11797184
11797188
11797192
11862732
11862736
11862740
11928280
11928284
12059360
12059364
12124904
12190444
12321520
12321524
12387064
12387068
12387072
12452612
12518152
12583692
12583696
12583700
12649240
12649244
12714784
12714788
12714792
12780332
12780336
12845876
12911416
12911420
12911424
13042500
13042504
13108044
13173584
13173588
13239128
13370204
13435744
13435748
13763432
13763436
13763440
13828980
13828984
13828988
13894528
13894532
14091144
14156684
14156688
14222228
14222232
14418844
14484384
14549924
14549928
14549932
14681008
14681012
14746552
14746556
14877632
14943172
14943176
15008716
15008720
15008724
15074264
15074268
15205344
15205348
15270888
15270892
15336432
15336436
15336440
15401980
15466496
15466500
15466504
15532044
15532048
15532052
15728664
15925276
15925280
15925284
15990824
15990828
15990832
16121908
16121912
16121916
16252992
16252996
16318536
16318540
16384080
16384084
16515160
16515164
16515168
16646244
16646248
16711788
16711792
116
120
131196
131200
262276
327816
327820
393360
393364
458904
458908
458912
524452
524456
589996
721072
852148
852152
917692
917696
917700
1048776
1048780
1048784
1114324
1114328
1179868
1179872
1310948
1442024
1507564
1573104
1573108
1573112
1638652
1638656
1638660
1769736
1769740
1835280
1900820
1966360
2031900
2097440
2097444
2097448
2228524
2228528
2359604
2490680
2490684
2490688
2556228
2556232
2556236
2687312
2687316
2883928
2949468
2949472
3015012
3015016
3015020
3080560
3080564
3080568
3146108
3211648
3211652
3211656
3277196
3342736
3342740
3408280
3473820
3473824
3473828
3539368
3735980
3867056
3867060
3867064
3932604
3932608
3932612
3998152
3998156
3998160
4063700
4063704
4063708
4129248
4129252
4129256
4260332
4260336
4260340
4325880
4325884
4391424
4456964
4456968
4456972
4522512
4588052
4588056
4588060
4653600
4653604
4784680
4784684
4850224
4850228
4850232
4915772
4981312
5112388
5112392
5112396
5177936
5177940
5177944
5243484
5243488
5243492
5309032
5309036
5374576
5505652
5505656
5505660
5571200
5636740
5636744
5636748
5767824
5767828
5767832
5833372
5833376
5964452
5964456
5964460
6095536
6095540
6161080
6161084
6226624
6226628
6292168
6292172
6488784
6488788
6488792
6554332
6554336
6619876
6619880
6685420
6750960
6750964
6882040
6882044
6882048
6947588
7013128
7078668
7144208
7144212
7144216
7209756
7209760
7209764
7275304
7275308
7340848
7340852
7406392
7406396
7406400
7471940
7471944
7537484
7537488
7537492
7603032
7603036
7668576
7668580
7734120
7734124
7734128
7799668
7799672
7996284
7996288
8061828
8127368
8192908
8192912
8192916
8258456
8389532
8455072
8455076
8455080
8520620
8520624
8520628
8586168
8651708
8651712
8651716
8717256
8717260
8782800
8782804
8848344
8913884
8913888
9044964
9044968
9241580
9241584
9241588
9307128
9307132
9371648
9437188
9437192
9502732
9502736
9633812
9633816
9633820
9699360
9699364
9764904
9764908
9764912
9830452
9895992
9895996
10027072
10027076
10027080
10158156
10158160
10158164
10223704
10289244
10420320
10485860
10485864
10485868
10551408
10616948
10616952
10682492
10748032
10813572
10813576
10944652
11010192
11010196
11075736
11141276
11141280
11206820
11206824
11272364
11272368
11272372
11337912
11403452
11403456
11468996
11469000
11469004
11534544
11534548
11665624
11665628
11665632
11862244
11862248
11862252
11927792
11927796
12058872
12058876
12058880
12124420
12189960
12255500
12255504
12255508
12321048
12452124
12452128
12452132
12517672
12517676
12517680
12583220
12583224
12583228
12648768
12714308
12714312
12714316
12779856
12845396
12910936
13042012
13042016
13042020
13107560
13173100
13173104
13173108
13238648
13304188
13304192
13304196
13369736
13369740
13435280
13435284
13435288
13500828
13500832
13566372
13566376
13631916
13631920
13631924
13763000
13763004
13763008
13828548
13959624
13959628
13959632
14287316
14352856
14352860
14549472
14549476
14615016
14680556
14680560
14680564
14746104
14746108
14746112
14811652
14877192
14877196
14942736
14942740
15008280
15008284
15008288
15073828
15073832
15139372
15139376
15204916
15204920
15270460
15401536
15401540
15598152
15598156
15794768
15794772
15794776
15860316
15991392
16056932
16188008
16188012
16319088
16319092
16319096
16515708
16515712
16515716
16581256
16581260
16646800
16712340
16712344
262812
393888
393892
524968
524972
656048
721588
787128
787132
852672
918212
918216
983756
983760
1049300
1049304
1114844
1114848
1114852
1180392
1180396
1180400
1245940
1245944
1245948
1377024
1377028
1377032
1442572
1442576
1508116
1573656
1573660
1639200
1639204
1639208
1704748
1704752
1770292
1835832
1901372
2032448
2032452
2032456
2097996
2163536
2163540
2294616
2294620
2294624
2360164
2360168
2425708
2491248
2556788
2556792
2556796
2622336
2687876
2687880
2753420
2753424
2818964
2818968
2884508
2884512
2884516
3015592
3015596
3015600
3146676
3212216
3212220
3277760
3277764
3277768
3343308
3343312
3343316
3474392
3539932
3539936
3539940
3605480
3605484
3671024
3671028
3671032
3736572
3735552
3735556
3801096
3801100
3801104
3932180
3932184
3932188
3997728
3997732
4063272
4063276
4063280
4194356
4194360
4194364
4325440
4390980
4390984
4522060
4587600
4718676
4718680
4784220
4849760
4915300
4915304
5111916
5111920
5111924
5177464
5177468
5374080
5374084
5374088
5505164
5505168
5570708
5570712
5636252
5701792
5767332
5767336
5767340
5832880
5832884
5832888
5898428
5898432
5898436
5963976
5963980
5963984
6029524
6160600
6160604
6226144
6291684
6357224
6357228
6357232
6422772
6422776
6422780
6488320
6488324
6750472
6750476
6750480
6816020
6816024
7143708
7209248
7209252
7209256
7340332
7340336
7340340
7405880
7405884
7405888
7471428
7536968
7536972
7602512
7602516
7668056
7668060
7733600
7733604
7799144
7799148
7864688
7930228
7930232
7930236
7995776
7995780
8126856
8126860
8192400
8192404
8192408
8257948
8257952
8323492
8454568
8520108
8520112
8585652
8585656
8585660
8651200
8716740
8716744
8716748
9044432
9109972
9109976
9372124
9503200
9699812
9699816
9699820
9765360
9830900
9896440
9961980
10224128
10224132
10224136
10289676
10289680
10289684
10355224
10420764
10486304
10486308
10486312
10551852
10617392
10617396
10682936
10814012
10879552
10879556
10879560
10945100
10945104
11010644
11141720
11141724
11207264
11207268
11272808
11272812
11272816
11469428
11469432
11469436
11600512
11666052
11666056
11666060
11731600
11731604
11731608
11797148
11797152
11862692
11862696
11862700
11928240
11993780
12124856
12190396
12255936
12255940
12321480
12321484
12321488
12387028
12452568
12518108
12518112
12649188
12649192
12649196
12911344
12911348
13042424
13042428
13042432
13239044
13239048
13304588
13370128
13370132
13435672
13632284
13632288
13894436
13894440
13959980
14156592
14156596
14222136
14222140
14222144
14287684
14418760
14418764
14418768
14615380
14615384
14811996
14812000
14877540
14877544
14877548
14943088
14943092
15008632
15008636
15008640
15074180
15074184
15074188
15139728
15205268
15205272
15270812
15336352
15401892
15401896
15401900
15467440
15598516
15664056
15795132
15860672
15860676
15991752
15991756
15991760
16057300
16057304
16057308
16122848
16253924
16253928
16385004
16516080
16516084
16712696
1020
65536
65540
65544
131084
262160
262164
327704
327708
393248
393252
393256
458796
524336
524340
524344
589884
589888
655428
655432
655436
786512
786516
786520
917596
917600
983140
1048680
1048684
1179760
1245300
1245304
1310844
1310848
1310852
1376392
1376396
1376400
1507476
1507480
1573020
1638560
1638564
1704104
1704108
1704112
1769652
1769656
1769660
1835200
1900740
1900744
1966284
1966288
1966292
2031832
2097372
2097376
2097380
2228456
2228460
2294000
2359540
2359544
2359548
2425088
2425092
2490632
2490636
2556176
2556180
2556184
2621724
2621728
2687268
2687272
2687276
2883888
2949428
3014968
3014972
3080512
3080516
3146056
3211596
3211600
3277140
3342680
3473756
3473760
3473764
3539304
3604844
3670384
3670388
3670392
3735932
3801472
3867012
4063624
4063628
4063632
4194708
4325784
4325788
4325792
4391332
4391336
4391340
4456880
4456884
4587960
4587964
4587968
4653508
4653512
4915660
4915664
4981204
4981208
5112284
5112288
5112292
5177832
5177836
5243376
5308916
5374456
5374460
5505536
5505540
5571080
5571084
5702160
5702164
5702168
5767708
5767712
5767716
5833256
5833260
5833264
5898804
5964344
5964348
6029888
6029892
6095432
6160972
6160976
6160980
6357592
6357596
6423136
6423140
6488680
6488684
6554224
6554228
6619768
6619772
6685312
6685316
6881928
6881932
6947472
6947476
6947480
7013020
7013024
7013028
7078568
7078572
7078576
7275188
7275192
7340732
7406272
7406276
7406280
7602892
7602896
7668436
7733976
7799516
7799520
7865060
7930600
7930604
7996144
8061684
8061688
8127228
8127232
8127236
8192776
8192780
8258320
8258324
8258328
8323868
8323872
8323876
8389416
8389420
8389424
8454964
8454968
8520508
8586048
8717124
8717128
8717132
8782672
8782676
8782680
8848220
8848224
8848228
8913768
8913772
8913776
9044852
9110392
9110396
9110400
9241476
9307016
9372556
9372560
9438100
9569176
9569180
9569184
9634724
9765800
9765804
9896880
9896884
9896888
9962428
9962432
10027972
10224584
10290124
10355664
10355668
10355672
10421212
10486752
10486756
10486760
10552300
10617840
10617844
10683384
10748924
10747904
10747908
10878984
10878988
10878992
11075604
11075608
11075612
11141152
11141156
11206696
11206700
11403312
11403316
11468856
11468860
11534400
11534404
11534408
11599948
11599952
11599956
11665496
11665500
11665504
11731044
11731048
11731052
11796592
11796596
11796600
11927676
11993216
11993220
12058760
12058764
12124304
12189844
12255384
12320924
12386464
12452004
12452008
12648620
12648624
12779700
12779704
12779708
12910784
12910788
12910792
13041868
13041872
13041876
13172952
13238492
13238496
13369572
13369576
13369580
13435120
13435124
13435128
13500668
13500672
13566212
13762824
13828364
13828368
14090516
14090520
14090524
14221600
14287140
14287144
14352684
14352688
14418228
14418232
14483772
14483776
14483780
14549320
14549324
14614864
14614868
14614872
14680412
14745952
14811492
14811496
14811500
14877040
14942580
14942584
15008124
15008128
15073668
15073672
15073676
15204752
15204756
15204760
15335836
15335840
15466916
15466920
15532460
15663536
15729076
15729080
15729084
15794624
15794628
15794632
15860172
15860176
15860180
15925720
15991260
15991264
16122340
16187880
16187884
16253424
16318964
16384504
16384508
16515584
16515588
16581128
16581132
16646672
16646676
16646680
16712220
544
548
552
66092
66096
66100
131640
131644
131648
262724
262728
328268
459344
459348
721496
721500
721504
787044
852584
852588
852592
918132
1049208
1049212
1114752
1180292
1180296
1245836
1311376
1311380
1376920
1376924
1376928
1442468
1508008
1508012
1639088
1639092
1704632
1770172
1770176
1835716
1901256
1901260
1966800
1966804
1966808
2032348
2032352
2032356
2097896
2163436
2163440
2163444
2294520
2294524
2294528
2425604
2425608
2556684
2556688
2622228
2622232
2622236
2753312
2753316
2818856
2884396
2884400
2884404
2949944
2949948
2949952
3015492
3015496
3081036
3081040
3081044
3146584
3212124
3277664
3277668
3277672
3343212
3343216
3408756
3408760
3408764
3474304
3539844
3539848
3670924
3670928
3736468
3736472
3802012
3802016
3802020
3867560
3867564
3867568
3998644
3998648
3998652
4064192
4064196
4064200
4129740
4260816
4326356
4326360
4457436
4457440
4457444
4522984
4522988
4522992
4588532
4719608
4850684
4849664
4915204
4915208
4980748
5111824
5111828
5111832
5177372
5177376
5242916
5308456
5308460
5308464
5374004
5505080
5505084
5570624
5570628
5570632
5636172
5636176
5767252
5767256
5963868
5963872
6029412
6029416
6029420
6094960
6094964
6160504
6160508
6160512
6226052
6226056
6226060
6291600
6291604
6291608
6357148
6422688
6488228
6684840
6815916
6815920
6946996
6947000
7012540
7012544
7078084
7078088
7143628
7143632
7340244
7340248
7471324
7471328
7471332
7536872
7536876
7536880
7602420
7602424
7733500
7733504
7733508
7799048
7799052
7864592
7930132
8126744
8192284
8192288
8257828
8257832
8257836
8388912
8388916
8388920
8519996
8585536
8585540
8585544
8651084
8651088
8716628
8716632
8716636
8782176
8782180
8847720
8847724
8913264
9109876
9175416
9175420
9175424
9240964
9240968
9306508
9306512
9372052
9372056
9372060
9437600
9437604
9437608
9503148
9503152
9503156
9568696
9568700
9568704
9634244
9634248
9830860
9830864
9830868
9896408
9896412
9961952
9961956
9961960
10027500
10027504
10027508
10093048
10093052
10093056
10158596
10224136
10224140
10224144
10289684
10289688
10289692
10420768
10420772
10486312
10486316
10486320
10551860
10617400
10617404
10682944
10682948
10748488
10748492
10814032
10814036
10879576
10879580
10945120
10945124
11010664
11010668
11010672
11076212
11141752
11141756
11207296
11207300
11338376
11338380
11338384
11403924
11403928
11403932
11469472
11535012
11731624
11731628
11731632
11928244
11993784
11993788
11993792
12059332
12059336
12059340
12124880
12190420
12190424
12255964
12387040
12387044
12518120
12518124
12518128
12780276
12780280
12911356
13042432
13042436
13042440
13173516
13173520
13173524
13239064
13239068
13239072
13304612
13304616
13435692
13501232
13566772
13566776
13566780
13632320
13632324
13632328
13763404
13894480
13960020
13960024
13960028
14091104
14091108
14156648
14156652
14222192
14222196
14222200
14287740
14287744
14287748
14353288
14353292
14353296
14418836
14484376
14484380
14549920
14680996
14681000
14746540
14746544
14877620
14877624
14943164
14943168
15008708
15008712
15139788
15139792
15205332
15205336
15205340
15336416
15336420
15336424
15401964
15467504
15467508
15467512
15533052
15597568
15597572
15663112
15728652
15728656
15794196
15925272
15925276
16056352
16121892
16121896
16187436
16187440
16187444
16252984
16252988
16252992
16318532
16318536
16384076
16384080
16384084
16449624
16515164
16580704
16580708
16580712
16646252
65648
65652
196728
196732
196736
262276
262280
262284
327824
327828
327832
393372
458912
458916
458920
589996
590000
655540
655544
721084
721088
721092
786632
786636
786640
852180
852184
983260
983264
983268
1048808
1048812
1114352
1114356
1376504
1376508
1442048
1442052
1507592
1507596
1573136
1573140
1573144
1638684
1704224
1704228
1704232
1769772
1835312
1900852
1900856
1966396
1966400
2031940
2097480
2097484
2097488
2163028
2228568
2294108
2359648
2425188
2425192
2425196
2490736
2556276
2556280
2818428
2818432
2818436
2883976
3015052
3146128
3146132
3277208
3408284
3408288
3473828
3473832
3473836
3604912
3604916
3604920
3670460
3801536
3932612
3998152
3998156
4063696
4063700
4063704
4129244
4194784
4194788
4260328
4456940
4522480
4522484
4522488
4588028
4588032
4588036
4653576
4653580
4653584
4719124
4719128
4719132
4784672
4784676
4784680
4850220
4915760
4915764
4915768
5112380
5112384
5112388
5177928
5177932
5243472
5243476
5309016
5374556
5374560
5374564
5505640
5505644
5571184
5571188
5571192
5702268
5702272
5767812
5767816
5898892
5898896
5898900
5964440
5964444
6095520
6095524
6095528
6161068
6161072
6161076
6226616
6226620
6292160
6292164
6554312
6554316
6619856
6619860
6685400
6685404
6685408
6750948
6882024
6947564
7013104
7078644
7078648
7144188
7209728
7275268
7275272
7275276
7340816
7340820
7340824
7471900
7471904
7537444
7602984
7602988
7602992
7668532
7668536
7668540
7734080
7734084
7799624
7799628
7865168
7865172
8061784
8061788
8127328
8127332
8192872
8192876
8323952
8323956
8389496
8389500
8455040
8586116
8651656
8782732
8848272
8979348
9110424
9110428
9175968
9175972
9175976
9241516
9241520
9241524
9307064
9307068
9307072
9438148
9503688
9569228
9569232
9634772
9634776
9634780
9700320
9765860
9765864
9831404
9831408
10093556
10093560
10093564
10158080
10158084
10289160
10289164
10354704
10420244
10420248
10485788
10485792
10485796
10551336
10616876
10616880
10682420
10682424
10747964
10813504
10879044
10944584
10944588
10944592
11010132
11010136
11141212
11141216
11206756
11206760
11337836
11337840
11337844
11403384
11534460
11534464
11534468
11600008
11731084
11731088
11796628
12124312
12189852
12189856
12320932
12320936
12386476
12386480
12386484
12452024
12452028
12517568
12583108
12648648
12648652
12648656
12714196
12845272
12845276
12845280
12910820
12910824
13041900
13041904
13041908
13107448
13107452
13107456
13238532
13238536
13238540
13304080
13435156
13435160
13435164
13500704
13500708
13500712
13566252
13631792
13631796
13697336
13697340
13697344
13762884
13762888
13828428
13828432
13893972
13893976
13893980
13959520
14025060
14090600
14090604
14221680
14221684
14352760
14483836
14549376
14549380
14549384
14614924
14680464
14680468
14680472
14746012
14746016
14746020
14811560
14877100
14877104
14877108
14942648
14942652
14942656
15008196
15008200
15139276
15204816
15204820
15204824
15401436
15401440
15466980
15532520
15532524
15598064
15663604
15729144
15860220
15925760
15925764
15991304
15991308
16056848
16056852
16122392
16122396
16122400
16187940
16253480
16319020
16319024
16319028
16384568
16450108
16581184
580
584
66124
66128
131668
197208
197212
197216
328292
393832
393836
524912
655988
655992
655996
721536
721540
852616
918156
918160
918164
983704
1049244
1114784
1114788
1180328
1180332
1245872
1245876
1245880
1311420
1311424
1311428
1376968
1376972
1442512
1442516
1442520
1508060
1508064
1508068
1573608
1573612
1704688
1770228
1770232
1770236
1835776
1901316
1901320
1966860
2032400
2032404
2032408
2097948
2163488
2163492
2163496
2229036
2229040
2229044
2360120
2360124
2491200
2491204
2491208
2556748
2556752
2622292
2687832
2753372
2753376
2818916
2949992
2949996
3015536
3081076
3146616
3146620
3212160
3212164
3212168
3277708
3277712
3277716
3343256
3408796
3408800
3474340
3539880
3539884
3605424
3605428
3670968
3736508
3736512
3867588
3933128
3998668
4064208
4064212
4064216
4129756
4129760
4195300
4260840
4260844
4326384
4326388
4391928
4457468
