16392
16396
16400
32788
32792
32796
49184
49188
65576
65580
81968
81972
81976
98364
131136
131140
131144
163916
180304
180308
196696
196700
196704
213092
213096
213100
262256
262260
262264
278652
278656
278660
295048
360588
376976
376980
376984
393372
393376
409764
409768
426156
442544
442548
458936
458940
458944
475332
491720
508108
524496
524500
557272
557276
590048
590052
590056
606444
606448
606452
622840
622844
655616
672004
672008
672012
688400
704788
721176
721180
737568
753956
753960
753964
770352
803124
803128
819516
835904
852292
852296
868684
868688
885076
917848
917852
917856
934244
967016
967020
967024
983412
999800
999804
1016192
1065348
1081736
1130892
1130896
1147284
1147288
1163676
1180064
1196452
1196456
1196460
1212848
1212852
1212856
1229244
1245632
1245636
1294792
1311180
1311184
1327572
1343960
1360348
1360352
1409508
1409512
1425900
1425904
1425908
1442296
1442300
1458688
1458692
1475080
1491468
1491472
1491476
1507864
1524252
1540640
1557028
1573416
1589804
1638960
1720884
1720888
1720892
1737280
1737284
1753672
1753676
1770064
1770068
1770072
1786460
1786464
1786468
1802856
1802860
1819248
1819252
1835640
1852028
1884800
1884804
1901192
1917580
1917584
1933972
1950360
1950364
1966752
1966756
1983144
1983148
1983152
2015924
2015928
2032316
2032320
2065092
2065096
2081484
2097872
2114260
2130648
2147036
2163424
2196196
2196200
2228972
2245360
2245364
2278136
2278140
2310912
2310916
2327304
2327308
2360080
2360084
2376472
2376476
2392864
2392868
2425640
2425644
2425648
2442036
2474808
2474812
2491200
2491204
2507592
2523980
2540368
2540372
2573144
2589532
2605920
2605924
2622312
2622316
2638704
2638708
2655096
2671484
2671488
2687876
2687880
2704268
2704272
2720660
2753432
2753436
2769824
2786212
2786216
2802604
2802608
2818996
2835384
2835388
2868160
2884548
2884552
2900940
2900944
2917332
2917336
2950108
2982880
2982884
2999272
2999276
3048432
3048436
3064824
3064828
3097600
3097604
3146760
3163148
3179536
3195924
3212312
3212316
3228704
3228708
3245096
3245100
3261488
3327028
3359800
3359804
3376192
3425348
3490888
3507276
3523664
3523668
3556440
3572828
3589216
3589220
3605608
3605612
3622000
3622004
3720312
3720316
3736704
3769476
3769480
3785868
3802256
3835028
3851416
3884188
3916960
3916964
3982504
3982508
3998896
3998900
4015288
4015292
4031680
4064452
4097224
4097228
4113616
4113620
4130008
4146396
4146400
4162788
4179176
4195564
4244720
4244724
4261112
4261116
4310272
4326660
4326664
4343052
4359440
4375828
4375832
4392220
4457760
4474148
4474152
4490540
4506928
4556084
4572472
4588860
4588864
4621636
4621640
4638028
4638032
4654420
4719960
4719964
4736352
4752740
4752744
4769132
4785520
4785524
4834680
4867452
4900224
4916612
4916616
4933004
4982160
5014932
5047704
5047708
5064096
5064100
5096872
5113260
5113264
5146036
5146040
5162428
5162432
5178820
5227976
5260748
5309904
5309908
5326296
5342684
5342688
5359076
5359080
5375468
5391856
5391860
5408248
5457404
5457408
5473796
5473800
5490188
5506576
5506580
5555736
5555740
5588512
5588516
5654056
5654060
5670448
5670452
5686840
5686844
5719616
5752388
5768776
5768780
5817936
5850708
5850712
5867100
5883488
5883492
5899880
5899884
5932656
5949044
5965432
5965436
5998208
6014596
6014600
6030988
6047376
6047380
6063768
6063772
6080160
6080164
6096552
6112940
6112944
6129332
6145720
6145724
6162112
6162116
6178504
6194892
6227664
6227668
6244056
6244060
6293216
6309604
6309608
6375148
6375152
6391540
6391544
6407932
6407936
6424324
6457096
6489868
6506256
6506260
6539032
6539036
6555424
6555428
6588200
6604588
6637360
6653748
6670136
6670140
6719296
6719300
6735688
6735692
6752080
6768468
6784856
6784860
6801248
6834020
6834024
6850412
6883184
6883188
6899576
6915964
6965120
6965124
6981512
6981516
6997904
6997908
7014296
7047068
7063456
7112612
7112616
7145388
7178160
7178164
7194552
7194556
7210944
7210948
7227336
7243724
7292880
7309268
7309272
7342044
7358432
7391204
7407592
7407596
7423984
7423988
7456760
7456764
7473152
7489540
7489544
7505932
7505936
7538708
7538712
7571484
7587872
7604260
7604264
7620652
7637040
7653428
7653432
7669820
7669824
7686212
7686216
7702604
7735376
7735380
7751768
7768156
7817312
7833700
7833704
7850092
7850096
7866484
7882872
7882876
7899264
7899268
7915656
7915660
7948432
7964820
7981208
7981212
7997600
7997604
8030376
8030380
8063152
8095924
8128696
8145084
8161472
8177860
8194248
8194252
8227024
8227028
8259800
8276188
8358112
8358116
8374504
8374508
8390896
8423668
8423672
8440060
8440064
8456452
8472840
8472844
8489232
8505620
8505624
8522012
8538400
8554788
8571176
8571180
8603952
8636724
8669496
8685884
8702272
8735044
8751432
8767820
8767824
8784212
8784216
8800604
8816992
8833380
8866152
8866156
8898928
8931700
8931704
8964476
8997248
9030020
9046408
9046412
9062800
9062804
9079192
9095580
9111968
9144740
9144744
9161132
9161136
9193908
9193912
9210300
9210304
9226692
9226696
9243084
9259472
9259476
9308632
9308636
9325024
9325028
9341416
9357804
9357808
9374196
9390584
9390588
9423360
9423364
9439752
9456140
9472528
9472532
9488920
9488924
9505312
9505316
9538088
9554476
9554480
9587252
9620024
9636412
9701952
9718340
9751112
9751116
9800272
9816660
9816664
9865820
9882208
9898596
9898600
9914988
9914992
9931380
9996920
9996924
10013312
10013316
10029704
10029708
10046096
10046100
10078872
10111644
10128032
10160804
10160808
10177196
10193584
10193588
10226360
10226364
10259136
10259140
10275528
10291916
10291920
10308308
10324696
10324700
10341088
10357476
10357480
10390252
10390256
10406644
10406648
10423036
10439424
10439428
10472200
10472204
10488592
10488596
10504984
10504988
10521376
10521380
10619688
10619692
10636080
10668852
10668856
10685244
10685248
10701636
10701640
10718028
10767184
10767188
10783576
10783580
10799968
10799972
10816360
10832748
10849136
10865524
10881912
10898300
10914688
10947460
10980232
10980236
10996624
10996628
11029400
11045788
11062176
11078564
11078568
11094956
11094960
11111348
11127736
11144124
11160512
11160516
11176904
11209676
11226064
11242452
11258840
11373532
11406304
11439076
11439080
11455468
11471856
11471860
11488248
11521020
11521024
11537412
11570184
11570188
11602960
11602964
11619352
11635740
11652128
11668516
11684904
11684908
11701296
11717684
11734072
11766844
11799616
11799620
11816008
11816012
11832400
11865172
11865176
11897948
11947104
11947108
11963496
11963500
11996272
11996276
12012664
12012668
12029056
12029060
12045448
12045452
12061840
12110996
12160152
12176540
12176544
12192932
12225704
12324012
12324016
12340404
12356792
12373180
12389568
12389572
12405960
12405964
12422352
12422356
12487896
12520668
12537056
12553444
12618984
12635372
12651760
12651764
12668152
12700924
12700928
12717316
12717320
12766476
12782864
12782868
12799256
12815644
12815648
12864804
12913960
12913964
12930352
12930356
12946744
12963132
13012288
13045060
13061448
13077836
13094224
13094228
13110616
13110620
13127008
13159780
13176168
13208940
13208944
13225332
13258104
13274492
13290880
13290884
13307272
13307276
13323664
13323668
13340056
13340060
13356448
13356452
13389224
13389228
13405616
13422004
13422008
13438396
13454784
13454788
13471176
13503948
13503952
13536724
13536728
13569500
13569504
13585892
13585896
13618668
13651440
13684212
13684216
13700604
13700608
13716996
13717000
13733388
13766160
13766164
13848088
13880860
13897248
13897252
13913640
13913644
13930032
13930036
13962808
13979196
14011968
14028356
14061128
14061132
14077520
14077524
14110296
14143068
14143072
14175844
14208616
14208620
14225008
14257780
14274168
14290556
14306944
14323332
14356104
14372492
14405264
14421652
14438040
14438044
14454432
14470820
14487208
14503596
14503600
14519988
14536376
14552764
14552768
14585540
14585544
14601932
14634704
14634708
14651096
14651100
14667488
14683876
14683880
14700268
14749424
14749428
14765816
14765820
14782208
14782212
14831368
14831372
14847760
14847764
14864152
14880540
14880544
14896932
14962472
14978860
14978864
14995252
14995256
15011644
15011648
15028036
15028040
15060812
15060816
15093588
15093592
15126364
15142752
15159140
15175528
15208300
15224688
15224692
15241080
15241084
15273856
15306628
15306632
15339404
15339408
15388564
15388568
15404956
15421344
15421348
15437736
15454124
15486896
15486900
15503288
15503292
15536064
15552452
15585224
15601612
15601616
15618004
15634392
15650780
15683552
15683556
15732712
15765484
15781872
15798260
15798264
15814652
15831040
15847428
15847432
15863820
15863824
15896596
15912984
15929372
15945760
15945764
15962152
15962156
15994928
15994932
16011320
16011324
16027712
16027716
16044104
16044108
16076880
16076884
16093272
16093276
16109664
16126052
16142440
16142444
16158832
16158836
16191608
16207996
16224384
16224388
16240776
16240780
16257168
16257172
16273560
16289948
16306336
16306340
16322728
16322732
16339120
16355508
16388280
16486588
16535744
16552132
16568520
16584908
16683216
16683220
16699608
16732380
16732384
16748772
16748776
16765164
16781552
16781556
16814328
16814332
16830720
16847108
16863496
16863500
16879888
16879892
16896280
16961820
16961824
16978212
16978216
16994604
17027376
17043764
17060152
17076540
17109312
17125700
17125704
17142092
17174864
17174868
17207640
17207644
17224032
17256804
17289576
17338732
17338736
17355124
17355128
17371516
17371520
17420676
17437064
17469836
17486224
17486228
17519000
17551772
17551776
17568164
17600936
17600940
17617328
17617332
17633720
17633724
17715648
17715652
17748424
17764812
17764816
17797588
17846744
17863132
17863136
17879524
17895912
17895916
17912304
17912308
17928696
17928700
17977856
17994244
18010632
18010636
18043408
18043412
18059800
18059804
18076192
18092580
18092584
18125356
18125360
18141748
18141752
18190908
18223680
18240068
18240072
18256460
18256464
18289236
18338392
18371164
18371168
18420324
18436712
18436716
18453104
18453108
18469496
18469500
18485888
18485892
18502280
18502284
18518672
18518676
18551448
18551452
18584224
18584228
18600616
18617004
18633392
18649780
18666168
18666172
18715328
18715332
18731720
18764492
18764496
18780884
18797272
18846428
18846432
18862820
18862824
18879212
18895600
18895604
18928376
18928380
18944768
18961156
18977544
18977548
18993936
19010324
19010328
19026716
19026720
19043108
19059496
19092268
19092272
19125044
19141432
19157820
19174208
19174212
19206984
19206988
19223376
19239764
19239768
19272540
19272544
19288932
19288936
19305324
19321712
19338100
19354488
19370876
19387264
19387268
19403656
19469196
19469200
19485588
19485592
19518364
19551136
19551140
19567528
19567532
19583920
19600308
19616696
19616700
19633088
19633092
19649480
19649484
19665872
19682260
19715032
19747804
19747808
19764196
19780584
19780588
19796976
19829748
19878904
19895292
19928064
19944452
19960840
19993612
19993616
20010004
20026392
20026396
20042784
20042788
20091944
20108332
20157488
20157492
20190264
20206652
20206656
20223044
20255816
20272204
20288592
20304980
20304984
20321372
20321376
20386916
20403304
20419692
20419696
20436084
20452472
20452476
20468864
20468868
20501640
20501644
20518032
20518036
20550808
20550812
20583584
20599972
20599976
20616364
20616368
20632756
20632760
20649148
20665536
20681924
20698312
20698316
20747472
20780244
20780248
20813020
20829408
20845796
20862184
20878572
20878576
20894964
20894968
20911356
20927744
20944132
20960520
20960524
20976912
20993300
20993304
21009692
21058848
21058852
21075240
21075244
21091632
21108020
21124408
21124412
21140800
21173572
21173576
21206348
21239120
21239124
21255512
21288284
21288288
21353828
21353832
21386604
21386608
21402996
21403000
21419388
21419392
21435780
21468552
21468556
21484944
21501332
21517720
21517724
21534112
21550500
21550504
21566892
21566896
21583284
21583288
21632444
21648832
21648836
21665224
21681612
21730768
21730772
21763544
21763548
21779936
21796324
21796328
21812716
21812720
21845492
21894648
21894652
21927424
21943812
21943816
21960204
21960208
21992980
21992984
22042140
22091296
22107684
22107688
22124076
22173232
22189620
22222392
22304316
22320704
22320708
22337096
22353484
22369872
22435412
22451800
22451804
22468192
22533732
22533736
22550124
22550128
22582900
22582904
22632060
22664832
22697604
22713992
22713996
22730384
22730388
22746776
22746780
22779552
22779556
22795944
22812332
22812336
22845108
22845112
22861500
22894272
22894276
22943432
22943436
22959824
22959828
22992600
23008988
23008992
23025380
23041768
23041772
23090928
23107316
23123704
23172860
23205632
23238404
23254792
23287564
23303952
23336724
23353112
23353116
23369504
23369508
23402280
23402284
23435056
23451444
23467832
23467836
23500608
23500612
23533384
23533388
23549776
23549780
23566168
23566172
23598944
23598948
23631720
23648108
23664496
23697268
23697272
23713660
23713664
23730052
23746440
23762828
23762832
23779220
23811992
23811996
23844768
23844772
23877544
23893932
23893936
23910324
23910328
23926716
23943104
24008644
24025032
24025036
24041424
24090580
24123352
24123356
24139744
24172516
24205288
24221676
24221680
24254452
24254456
24270844
24287232
24287236
24320008
24352780
24385552
24401940
24401944
24418332
24500256
24500260
24516648
24533036
24565808
24565812
24598584
24614972
24614976
24647748
24696904
24696908
24746064
24762452
24762456
24795228
24811616
24811620
24860776
24877164
24893552
24926324
24926328
24942716
24975488
25008260
25008264
25024652
25041040
25057428
25057432
25073820
25073824
25090212
25090216
25106604
25155760
25155764
25172152
25172156
25188544
25188548
25204936
25221324
25237712
25270484
25286872
25286876
25303264
25303268
25319656
25319660
25336048
25336052
25352440
25368828
25368832
25385220
25401608
25401612
25434384
25450772
25483544
25499932
25516320
25516324
25598248
25631020
25631024
25696564
25696568
25729340
25729344
25745732
25762120
25794892
25811280
25811284
25827672
25844060
25893216
25893220
25909608
25925996
25942384
25958772
26040696
26040700
26073472
26073476
26089864
26089868
26155408
26155412
26171800
26171804
26188192
26188196
26204584
26204588
26220976
26237364
26253752
26270140
26286528
26319300
26319304
26352076
26384848
26401236
26434008
26434012
26450400
26450404
26483176
26499564
26499568
26532340
26565112
26565116
26597888
26597892
26630664
26647052
26663440
26679828
26679832
26696220
26745376
26745380
26761768
26761772
26778160
26810932
26810936
26827324
26827328
26860100
26860104
26876492
26909264
26909268
26925656
26942044
26974816
26974820
26991208
26991212
27023984
27040372
27073144
27122300
27122304
27138692
27138696
27155084
27171472
27171476
27187864
27187868
27204256
27204260
27220648
27253420
27253424
27286196
27302584
27302588
27335360
27368132
27400904
27400908
27417296
27417300
27433688
27450076
27450080
27482852
27482856
27515628
27515632
27581172
27597560
27613948
27630336
27630340
27679496
27679500
27728656
27745044
27761432
27761436
27777824
27777828
27794216
27794220
27810608
27843380
27859768
27859772
27908928
27908932
27974472
27990860
27990864
28007252
28007256
28040028
28040032
28072804
28089192
28089196
28121968
28138356
28154744
28187516
28187520
28203908
28220296
28220300
28253072
28285844
28335000
28351388
28367776
28384164
28400552
28400556
28416944
28433332
28433336
28466108
28482496
28548036
28580808
28580812
28646352
28662740
28662744
28679132
28695520
28728292
28744680
28744684
28777456
28777460
28793848
28793852
28810240
28810244
28859400
28908556
28908560
28924948
28924952
28941340
28941344
28974116
28990504
28990508
29006896
29006900
29023288
29023292
29039680
29056068
29088840
29088844
29105232
29105236
29138008
29138012
29187168
29203556
29219944
29219948
29236336
29269108
29285496
29318268
29351040
29367428
29367432
29400204
29498512
29514900
29531288
29531292
29547680
29564068
29596840
29613228
29613232
29678772
29678776
29695164
29695168
29711556
29711560
29727948
29744336
29760724
29793496
29826268
29842656
29859044
29859048
29875436
29875440
29891828
29891832
29973756
29990144
29990148
30006536
30006540
30055696
30104852
30121240
30121244
30154016
30170404
30170408
30186796
30203184
30235956
30235960
30252348
30252352
30268740
30285128
30285132
30301520
30334292
30350680
30367068
30367072
30383460
30399848
30432620
30432624
30465396
30465400
30481788
30481792
30547332
30547336
30563724
30612880
30629268
30629272
30645660
30645664
30662052
30662056
30678444
30727600
30743988
30743992
30776764
30793152
30809540
30809544
30825932
30842320
30842324
30858712
30858716
30875104
30907876
30940648
30940652
31006192
31038964
31071736
31088124
31104512
31104516
31120904
31170060
31170064
31202836
31202840
31219228
31235616
31235620
31252008
31317548
31333936
31333940
31350328
31366716
31383104
31383108
31399496
31432268
31432272
31448660
31448664
31465052
31465056
31481444
31481448
31514220
31514224
31530612
31530616
31563388
31645312
31645316
31694472
31710860
31710864
31743636
31743640
31760028
31760032
31809188
31825576
31825580
31858352
31956660
31973048
31973052
31989440
32071364
32087752
32104140
32153296
32169684
32169688
32186076
32186080
32202468
32235240
32268012
32268016
32284404
32284408
32300796
32333568
32349956
32366344
32382732
32399120
32415508
32415512
32448284
32448288
32481060
32481064
32530220
32530224
32579380
32579384
32595772
32595776
32644932
32644936
32661324
32710480
32710484
32726872
32726876
32759648
32759652
32776040
32808812
32841584
32841588
32874360
32907132
32923520
32923524
32939912
32989068
33021840
33038228
33071000
33087388
33087392
33103780
33103784
33120172
33136560
33169332
33169336
33202108
33202112
33234884
33284040
33333196
33333200
33365972
33365976
33382364
33398752
33415140
33415144
33431532
33447920
33464308
33480696
33513468
33546240
