8200
16396
16400
16404
24600
24604
32800
40996
41000
49196
49200
57396
57400
57404
65600
65604
73800
81996
90192
98388
98392
98396
106592
114788
114792
114796
131184
131188
131192
139388
147584
155780
163976
172172
180368
188564
188568
196764
196768
204964
204968
204972
213168
221364
229560
229564
229568
237764
254152
270540
295120
295124
303320
311516
319712
319716
327912
327916
336112
336116
344312
344316
344320
352516
352520
360716
377104
377108
377112
385308
385312
385316
409896
418092
426288
434484
442680
459068
467264
467268
475464
483660
491856
500052
508248
516444
516448
516452
524648
557420
565616
565620
565624
582012
582016
590212
590216
590220
606608
614804
614808
623004
623008
631204
639400
655788
663984
672180
680376
696764
696768
704964
713160
713164
721360
729556
737752
745948
754144
754148
754152
762348
770544
770548
778744
786940
795136
795140
803336
803340
819728
827924
827928
844316
844320
852516
852520
868908
868912
877108
885304
885308
893504
901700
901704
918092
918096
934484
942680
942684
959072
959076
983656
983660
983664
991860
991864
1000060
1016448
1024644
1041032
1049228
1065616
1073812
1073816
1082012
1082016
1098404
1098408
1114796
1114800
1122996
1123000
1131196
1131200
1147588
1163976
1163980
1172176
1188564
1204952
1204956
1213152
1221348
1229544
1229548
1237744
1237748
1245944
1262332
1262336
1270532
1278728
1278732
1286928
1286932
1303320
1336092
1336096
1344292
1344296
1352492
1377072
1385268
1385272
1401660
1401664
1418052
1418056
1442636
1459024
1475412
1475416
1483612
1500000
1524580
1532776
1540972
1549168
1549172
1557368
1565564
1573760
1581956
1606536
1614732
1622928
1622932
1647512
1655708
1655712
1663908
1688488
1721260
1721264
1729460
1729464
1737660
1754048
1762244
1762248
1770444
1778640
1778644
1795032
1795036
1803232
1819620
1827816
1836012
1836016
1860596
1876984
1876988
1885184
1885188
1893384
1893388
1901584
1909780
1909784
1917980
1926176
1942564
1942568
1958956
1975344
1983540
1991736
1991740
1999936
1999940
2008136
2008140
2016336
2016340
2024536
2032732
2032736
2040932
2040936
2049132
2049136
2073716
2073720
2090108
2098304
2098308
2106504
2122892
2155664
2155668
2163864
2163868
2172064
2172068
2180264
2180268
2188464
2188468
2204856
2204860
2221248
2229444
2229448
2254028
2262224
2262228
2286808
2295004
2295008
2311396
2327784
2327788
2335984
2335988
2344184
2352380
2360576
2368772
2376968
2376972
2385168
2401556
2401560
2409756
2426144
2434340
2434344
2442540
2450736
2458932
2467128
2467132
2483520
2483524
2491720
2491724
2499920
2508116
2516312
2524508
2524512
2532708
2532712
2540908
2557296
2557300
2565496
2581884
2581888
2590084
2590088
2598284
2598288
2606484
2614680
2614684
2622880
2622884
2639272
2639276
2647472
2655668
2655672
2663868
2663872
2672068
2672072
2680268
2688464
2696660
2721240
2721244
2729440
2729444
2737640
2745836
2745840
2778612
2786808
2786812
2795008
2811396
2819592
2819596
2844176
2844180
2860568
2860572
2885152
2893348
2893352
2901548
2901552
2909748
2917944
2934332
2942528
2967108
2967112
2975308
2975312
2999892
3008088
3008092
3024480
3032676
3032680
3049068
3057264
3065460
3073656
3090044
3106432
3106436
3147400
3163788
3180176
3196564
3196568
3221148
3237536
3245732
3253928
3270316
3270320
3286708
3294904
3303100
3311296
3335876
3335880
3344076
3344080
3352276
3352280
3360476
3368672
3376868
3385064
3417836
3426032
3434228
3442424
3442428
3450624
3458820
3475208
3475212
3483408
3507988
3516184
3516188
3532576
3548964
3548968
3557164
3565360
3565364
3573560
3581756
3589952
3598148
3606344
3606348
3622736
3622740
3647320
3647324
3655520
3655524
3671912
3671916
3680112
3688308
3688312
3696508
3696512
3704708
3704712
3712908
3745680
3753876
3762072
3778460
3778464
3786660
3811240
3811244
3819440
3819444
3835832
3852220
3860416
3868612
3868616
3876812
3893200
3901396
3901400
3925980
3925984
3934180
3942376
3942380
3950576
3958772
3958776
3966972
3966976
3975172
3975176
3983372
3983376
3991572
3991576
4007964
4024352
4024356
4040744
4040748
4048944
4057140
4057144
4073532
4073536
4081732
4081736
4098124
4106320
4106324
4122712
4122716
4130912
4130916
4147304
4155500
4155504
4163700
4163704
4171900
4196480
4204676
4212872
4212876
4221072
4221076
4229272
4237468
4245664
4245668
4253864
4253868
4262064
4270260
4270264
4278460
4278464
4286660
4303048
4303052
4319440
4344020
4344024
4352220
4360416
4376804
4376808
4409580
4434160
4434164
4442360
4458748
4466944
4589828
4589832
4598028
4606224
4606228
4614424
4630812
4630816
4639012
4639016
4663596
4671792
4671796
4688184
4688188
4704576
4704580
4729160
4729164
4737360
4745556
4745560
4753756
4761952
4761956
4835688
4843884
4843888
4852084
4852088
4860284
4860288
4868484
4876680
4884876
4884880
4893076
4893080
4901276
4901280
4909476
4909480
4917676
4917680
4925876
4925880
4934076
4934080
4942276
4950472
4950476
4958672
4966868
4991448
5024220
5040608
5040612
5048808
5048812
5065200
5073396
5097976
5106172
5106176
5122564
5122568
5147148
5147152
5155348
5155352
5163548
5171744
5188132
5188136
5196332
5204528
5204532
5229112
5237308
5261888
5261892
5270088
5286476
5302864
5302868
5311064
5335644
5352032
5352036
5360232
5360236
5376624
5376628
5384824
5384828
5393024
5393028
5401224
5409420
5425808
5425812
5434008
5434012
5442208
5450404
5458600
5474988
5483184
5491380
5491384
5499580
5499584
5507780
5507784
5532364
5540560
5548756
5548760
5556956
5556960
5565156
5565160
5573356
5573360
5581556
5581560
5589756
5589760
5597956
5597960
5606156
5614352
5614356
5630744
5630748
5638944
5647140
5647144
5655340
5671728
5671732
5679928
5679932
5688128
5696324
5696328
5704524
5704528
5745492
5761880
5761884
5770080
5770084
5778280
5786476
5794672
5802868
5802872
5811068
5819264
5819268
5827464
5827468
5843856
5843860
5852056
5852060
5860256
5860260
5868456
5893036
5893040
5901236
5901240
5909436
5909440
5917636
5917640
5925836
5925840
5934036
5934040
5942236
5950432
5958628
5958632
5966828
5983216
5983220
5999608
6007804
6007808
6016004
6024200
6024204
6040592
6040596
6048792
6048796
6056992
6065188
6089768
6089772
6114352
6122548
6130744
6138940
6147136
6163524
6179912
6179916
6204496
6212692
6220888
6229084
6245472
6245476
6253672
6253676
6261872
6286452
6294648
6294652
6302848
6302852
6327432
6327436
6335632
6335636
6343832
6343836
6360224
6376612
6384808
6384812
6393008
6393012
6401208
6401212
6409408
6417604
6417608
6425804
6458576
6458580
6466776
6466780
6474976
6483172
6491368
6491372
6499568
6524148
6524152
6532348
6540544
6540548
6556936
6565132
6573328
6606100
6622488
6630684
6638880
6647076
6655272
6655276
6671664
6679860
6688056
6688060
6696256
6696260
6712648
6720844
6737232
6745428
6761816
6810972
6819168
6827364
6827368
6843756
6843760
6851956
6860152
6884732
6884736
6892932
6892936
6901132
6909328
6909332
6917528
6925724
6925728
6933924
6942120
6942124
6950320
6950324
6958520
6966716
6983104
6999492
6999496
7007692
7015888
7015892
7040472
7040476
7056864
7056868
7073256
7073260
7106032
7114228
7114232
7122428
7130624
7138820
7163400
7163404
7171600
7179796
7204376
7204380
7212576
7212580
7228968
7237164
7237168
7245364
7253560
7253564
7269952
7269956
7278152
7302732
7302736
7310932
7310936
7319132
7319136
7327332
7335528
7335532
7343728
7343732
7360120
7368316
7384704
7425668
7442056
7442060
7450256
7450260
7466648
7474844
7474848
7483044
7483048
7515820
7524016
7524020
7532216
7532220
7540416
7573188
7581384
7581388
7589584
7597780
7630552
7630556
7638752
7663332
7671528
7679724
7679728
7687924
7687928
7704316
7704320
7712516
7728904
7728908
7769872
7778068
7778072
7786268
7819040
7819044
7827240
7827244
7835440
7843636
7851832
7868220
7876416
7892804
7909192
7917388
7917392
7925588
7925592
7941980
7958368
7966564
7991144
7999340
8015728
8023924
8023928
8040316
8040320
8048516
8064904
8081292
8114064
8114068
8122264
8122268
8130464
8138660
8138664
8146860
8155056
8171444
8196024
8196028
8212416
8220612
8220616
8228812
8228816
8245204
8261592
8277980
8286176
8318948
8335336
8335340
8343536
8351732
8351736
8359932
8376320
