8202
8205
8209
16405
16409
16414
24608
24613
32808
32813
32817
32770
49204
49208
57404
57409
73796
73803
73807
82002
90196
98393
106591
106593
106598
114794
114796
114800
122998
123001
131199
131202
131205
139403
139404
147602
147607
147610
155805
155808
155814
172202
172206
180400
188597
204984
204991
213185
213190
213194
237773
237779
245975
254168
262365
262369
262373
270570
270572
270576
278772
286971
303357
319746
327940
327944
344334
344336
344340
360731
360735
360736
385318
385321
401709
409904
409908
418104
434492
434497
434502
442697
450894
450897
450901
459099
467294
467297
467301
475498
475502
475504
483701
483706
491901
491906
508294
508297
508301
532882
532887
532889
541087
541089
549284
549291
549294
573872
582070
590265
590268
598465
598468
606665
606668
614867
623061
631259
631261
631266
655844
664043
664046
672240
680439
696825
696828
696835
705029
705035
705039
713232
713236
721434
729629
729633
737828
737834
737837
746032
770614
803385
803389
803394
811589
819785
819789
819793
836180
836187
844382
844387
852582
852584
860780
860784
868980
868984
868988
877184
877191
885385
885391
893586
893588
893592
901789
901794
901798
909993
909999
910001
934580
934587
934589
942787
942788
950985
950988
950992
959189
959195
959198
967392
975589
975593
991981
991985
1000180
1000187
1008383
1016577
1024775
1032971
1032973
1041169
1049366
1049371
1049372
1057571
1057575
1057576
1065775
1065777
1065780
1073976
1082175
1082176
1090373
1098569
1098574
1106770
1114964
1123163
1123167
1123169
1131367
1131371
1131372
1139570
1147765
1147770
1147773
1155970
1164165
1172362
1172366
1172368
1180566
1180569
1180572
1188769
1188773
1188776
1196973
1213362
1221559
1229754
1229756
1229762
1246148
1246154
1246158
1270738
1270741
1270744
1278943
1287139
1287143
1287144
1295341
1295347
1311733
1319930
1319932
1318912
1327110
1327113
1335309
1351699
1351700
1351704
1368092
1376290
1376295
1376296
1384493
1392691
1392692
1392699
1400894
1409088
1409094
1417291
1417295
1417297
1425492
1425497
1425501
1441888
1450085
1450090
1450093
1458288
1474679
1474682
1491070
1491074
1491077
1499272
1499278
1507475
1515669
1515675
1523869
1532064
1532070
1548456
1548460
1556657
1573047
1573049
1573055
1581250
1581254
1581256
1605836
1614032
1614038
1614042
1622238
1622242
1622245
1630440
1630446
1630450
1655031
1655034
1663230
1663232
1663238
1671435
1679629
1679634
1679636
1696026
1696028
1696035
1704231
1704232
1720621
1728819
1737012
1737016
1737022
1753408
1753412
1753417
1761614
1761616
1769814
1769816
1778013
1778017
1786212
1786219
1794414
1794416
1802614
1802619
1810812
1810818
1827205
1843594
1843599
1851794
1859989
1859994
1859998
1868193
1892775
1900969
1917356
1925553
1925556
1933754
1933756
1933762
1958340
1958347
1958351
1966544
1966548
1966553
1974750
1974755
1974757
1991146
1991149
1991154
1999350
1999355
1999357
2007553
2015750
2015754
2023950
2023954
2023956
2032154
2032158
2040352
2040357
2040362
2048557
2048563
2056758
2056761
2056767
2081345
2081351
8777
16974
16976
33364
41563
41565
49762
57956
66153
74349
74352
82549
82552
90748
90752
98950
107146
107148
107155
131733
131738
131741
139939
139942
139947
148141
148145
148150
156344
156349
164544
164548
189131
189135
197329
197335
205529
213726
221921
230118
238312
238316
238323
246519
246522
246525
254723
254724
254730
262925
262931
262933
271130
271133
279330
279332
287528
295727
295728
295732
303928
320317
320323
336711
344905
344910
344914
353108
353112
353118
361312
369509
369515
377709
377713
385910
385915
394108
394114
402309
418699
418703
443280
443287
451483
459676
467873
476069
476073
476079
484275
492469
500667
500668
500675
508869
508872
508876
525267
525271
541658
549852
558048
566247
566251
590828
590832
590836
599033
607229
606210
606215
614408
622604
630801
630804
630811
647197
647201
663588
663595
663597
671794
688180
688187
696380
704579
704580
712779
712780
720976
720981
720985
729180
729184
737380
745579
745582
753776
761972
770171
770173
770178
778372
778377
778383
794771
794774
794776
811164
819361
819366
819369
827566
827570
827573
835771
835775
852163
860358
860362
860366
868561
868564
876760
893150
901344
901350
909547
909549
909555
917750
917753
925951
925954
925959
934154
942348
942352
942359
950554
950558
950561
966949
966952
999724
999729
1007924
1032504
1040700
1040707
1048902
1057097
1057102
1057107
1065302
1065304
1073503
1073504
1073511
1081707
1081711
1081715
1089911
1089915
1114495
1122690
1130884
1139083
1139084
1147282
1147286
1147291
1155486
1163681
1163687
1171882
1180078
1180081
1196470
1204664
1204668
1204675
1212869
1212873
1212877
1221073
1221078
1221080
1229278
1229281
1245670
1253864
1253871
1253875
1262069
1262074
1278462
1278467
1303044
1303049
1303054
1311248
1319447
1327641
1327644
1327650
1335847
1344041
1344045
1344049
1352246
1352249
1352253
1360448
1368645
1368649
1376846
1376848
1385045
1393243
1393247
1393250
1417831
1426025
1426030
1442416
1442422
1450617
1450623
1458816
1458821
1458827
1467022
1475219
1475223
1475227
1507996
1524387
1524389
1532584
1540783
1540786
1540788
1548986
1557181
1565377
1573572
1589961
1589965
1589970
1598166
1598168
1606367
1606371
1622759
1630954
1630959
1639152
1647350
1647352
1647358
1663745
1663749
1663753
1671948
1680145
1680149
1680153
1688351
1696544
1704742
1704747
1712942
1712947
1721140
1737528
1745727
1745730
1745733
1753929
1753935
1762129
1762133
1778520
1778524
1794912
1794916
1794920
1803118
1803121
1803127
1819512
1852287
1852290
1860484
1860488
1860493
1876880
1876885
1876888
1893276
1893282
1909669
1934251
1942445
1942448
1950647
1950649
1950652
1958848
1958853
1975242
1975246
1983440
1983446
1999833
1999836
1999841
2008036
2008041
2016239
2016242
2016247
2024440
2032638
2031616
2039812
2048011
2048015
2056211
2056215
2064411
2064415
2064419
2072614
2072619
2072621
2080817
52
59
8254
16449
24646
24651
32844
32851
41045
41050
41055
49251
49254
49259
65646
65651
73845
82043
82044
82049
90247
90250
98444
106643
106644
106650
123036
123041
131237
131243
139439
147634
147639
147641
155839
164035
172230
172232
172236
180435
180439
180443
188639
188641
205031
213226
213228
213233
221429
221432
221436
229632
229636
254217
254220
278802
278806
278809
287004
295203
295207
295211
303404
311600
319796
319803
319807
328002
328004
328009
336207
336210
344407
344408
352606
360800
360806
360808
377196
385395
385396
393592
393598
393602
409991
409992
418189
418194
418196
426392
434589
442786
442791
442792
467375
467378
467380
483770
500156
500160
500165
508363
508367
508370
516565
549338
549343
557538
557543
557547
565742
565745
565748
573945
573951
582145
582149
582152
614925
614931
623127
631320
631326
631328
639525
647721
647725
647728
655926
655929
655932
672323
680519
680521
680526
688723
705109
705112
713310
713313
729702
729706
754287
754291
762487
762490
778878
795267
803461
811656
819855
819859
828052
828056
828060
836259
836261
844458
852652
852659
852662
869048
869053
877250
877252
877259
885452
885459
893652
893658
893663
910048
910055
918249
918254
918258
926453
926459
934655
934659
934663
975624
975631
975632
992020
992025
1000220
1000227
1016612
1016619
1016622
1024817
1024820
1024827
1033022
1041217
1041220
1041225
1049423
1049424
1049429
1082200
1098591
1098595
1114983
1114984
1131375
1131377
1139572
1139577
1147774
1147778
1147783
1155977
1164174
1164176
1164182
1172377
1172383
1180578
1180581
1188777
1196974
1205168
1205173
1213371
1213372
1221569
1221573
1229768
1246157
1246161
1254356
1254363
1254365
1262563
1270757
1270760
1278958
1278960
1278966
1287162
1295359
