16394
16396
16401
32788
32793
32797
65537
98336
98343
131115
131117
163888
180279
180280
196669
196674
196679
213065
229455
229457
229462
245849
245855
245859
278629
295016
295023
327793
327797
327803
344188
344192
376965
426122
426127
426131
458902
458905
491676
491682
491686
508075
508078
508083
524468
524474
524478
540867
557252
557257
557263
573649
590036
590041
590044
606435
606436
606441
639214
639219
655606
655610
671998
672000
672006
688395
704781
704786
704791
721178
721183
721185
737573
753961
753967
770355
770357
770361
786749
803137
803140
819531
852303
852307
868693
868698
901469
901473
901478
917867
917869
917874
950647
967034
967039
967041
983430
983434
999822
1032594
1032596
1098136
1114525
1114530
1114535
1147304
1147311
1163697
1163702
1163706
1180092
1212865
1229252
1229258
1245645
1245650
1245653
1262041
1262044
1262048
1278439
1294827
1311214
1311218
1311223
1327611
1327612
1360387
1360390
1360394
1376782
1376784
1393172
1425947
1425951
1425955
1442340
1442344
1442350
1458739
1458741
1475128
1475134
1475138
1491527
1507915
1507919
1540690
1573460
1573465
1589855
1606240
1606244
1622635
1622639
1671792
1688182
1688185
1704575
1737347
1737348
1753739
1753742
1753747
1770135
1770136
1770143
1786530
1786532
1786537
1819309
1819312
1835700
1884859
1884863
1884864
1901253
1901257
1901261
1917651
1917655
1950427
1966814
1966818
1966820
1983209
1983215
1999603
2015988
2015993
2032382
2032384
2032390
2048777
2065165
2065171
2081557
2081562
2081567
2130723
2130724
2130728
2147118
2147121
2179894
2179899
2196284
2196288
2196295
2212680
2212685
2212690
2229077
2245465
2261855
2261857
2278247
2278249
2311022
2360179
2360182
2360186
2409341
2409346
2425735
2425737
2425743
2442128
2458518
2474905
2491294
2491296
2491303
2507688
2556847
2556851
2556855
2606009
2622396
2622401
2638791
2655176
2687949
2704338
2704342
2720729
2720732
2737121
2737126
2753513
2769901
2786288
2786295
2786296
2819070
2834433
2834439
2867209
2883596
2899987
2899991
2899994
2916380
2916387
2916389
2965545
2965551
2981939
2981940
2998331
2998335
2998339
3014727
3014729
3014732
3031123
3031126
3047514
3047516
3047522
3063908
3096683
3096687
3113074
3113079
3129467
3162239
3178626
3178631
3178635
3195021
3211410
3211415
3244187
3276958
3293347
3293350
3293355
3342511
3342512
3358900
3424440
3424445
3424450
3457222
3457224
3457230
3473617
3490006
3506393
3506399
3506401
3555557
3571946
3571948
3604722
3621110
3621112
3653887
3653891
3653894
3670283
3670285
3670291
3686678
3686682
3686687
3703072
3719463
3719467
3719470
3735859
3735863
3735865
3752255
3801410
3801413
3834184
3834188
3850577
3850581
3866968
3866973
3866976
3883365
3883370
3916140
3916147
3932533
3932538
3948926
3948931
3981700
3998091
3998092
4014482
4014485
4014491
4030879
4047266
4047271
4047272
4063660
4080050
4080053
4080059
4096444
4096448
4112839
4129225
4129229
4129234
4145623
4162009
4162015
4162017
484
488
16876
16881
16887
115193
115197
131587
131589
131593
147982
147985
164374
164376
164382
180770
180774
213546
213549
229939
246326
246331
262716
279107
279108
279112
295501
311888
344660
344667
344668
361056
361063
393835
393839
410225
410228
410233
426622
426625
443014
475784
492172
492178
508567
508571
508572
524963
541348
557737
557741
557745
574135
574136
574143
590531
590532
606923
639692
639699
672469
672475
672476
688867
705253
721643
721645
738033
738036
738043
754431
754435
770822
770825
770829
787216
803604
803611
803614
820001
820006
836394
836397
836401
852791
852794
869182
918337
918343
918344
934734
951120
951124
967515
967519
983904
983910
1016680
1065838
1082227
1082228
1164154
1180543
1180544
1196933
1196938
1213325
1213331
1213335
1229720
1229727
1262496
1262503
1262504
1278892
1278897
1278903
1328058
1344444
1344448
1344454
1360842
1360844
1360850
1393620
1393625
1410014
1410018
1410023
1426410
1442799
1459186
1475575
1475578
1491967
1490945
1523719
1556489
1556492
1556496
1605654
1638426
1638428
1654817
1654823
1687595
1687598
1703987
1703989
1703995
1736765
1753152
1769540
1769546
1785933
1818705
1818710
1851480
1884252
1884257
1900647
1900650
1933422
1949811
1966197
1966200
1982590
1982592
1982596
1998985
1998991
2015378
2031764
2031770
2080927
2113699
2146470
2146475
2179244
2179250
2195639
2212025
2228413
2244801
2244805
2244810
2277581
2277585
2293975
2310361
2310365
2326754
2326758
2343147
2343149
2343153
2375927
2375930
2375932
2392323
2392325
2408714
2408717
2408721
2425109
2441499
2523422
2523426
2523429
2539817
2556204
2572594
2572596
2588984
2588989
2588995
2638149
2670920
2670925
2687315
2687316
2687322
2720094
2720096
2736484
2736489
2769260
2785648
2785655
2785658
2802045
2802049
2818437
2818441
2818446
2867601
2867605
2900377
2900380
2900387
2933159
2933160
2949548
2949552
2949556
2965945
2982332
2982339
2982341
3015112
3015116
3015122
3031508
3031513
3031517
3097059
3113445
3113449
3113453
3129840
3129847
3162619
3162621
3211779
3211781
3244553
3244558
3244562
3260949
3260953
3277341
3277344
3293732
3310120
3310127
3342899
3342900
3359290
3375678
3375680
3392068
3392072
3392078
3408466
3424852
3424857
3441244
3441251
3474022
3474026
3474030
3490417
3490422
3506810
3506813
3523203
3523207
3523210
3539598
3572369
3588756
3605146
3605150
3605155
3621540
3621545
3621550
3654323
3654327
3654329
3670719
3687106
3687110
3703498
3719887
3736272
3752662
3752666
3752670
3801825
3834598
3867368
3867374
3916528
3916533
3932921
3932924
3949315
3949317
3949320
3982093
3982097
3982102
3998488
3998494
4014883
4014884
4031272
4096812
4096816
4096821
4129594
4129596
4178754
836
841
33612
66386
82772
82777
82780
99171
99173
164715
181102
181104
197494
213882
213886
230274
230278
230280
263055
263058
263060
279451
279453
295841
295847
295848
312237
328627
361398
377787
377788
377795
394180
394185
394191
410578
410581
443353
443356
459744
459748
476139
476140
492529
508919
508921
525308
524289
524294
557064
557068
573457
606229
606235
606239
622624
622629
622633
639021
639027
655414
655418
655423
671809
671812
671818
688206
704595
704598
704602
720988
737377
753766
753769
802926
802928
802935
819320
819325
835714
835718
852107
884877
901265
917653
917657
917661
934051
934054
950440
950444
966832
966838
983226
983229
999616
999623
999625
1016013
1016018
1032405
1048792
1065180
1065187
1065191
1081576
1081583
1081587
1147127
1163513
1163517
1163523
1179909
1179914
1212685
1229074
1229076
1245464
1261853
1261857
1261863
1278251
1294639
1294642
1311029
1327419
1327423
1327424
1343814
1376585
1392974
1392977
1409364
1442136
1442142
1474915
1507687
1507688
1524079
1524080
1540469
1540475
1540476
1556866
1556871
1573258
1573260
1622416
1622422
1655192
1655197
1655203
1687975
1704360
1704365
1737138
1753527
1753530
1753532
1769922
1786308
1786314
1786319
1819090
1819094
1835481
1835484
1835488
1851878
1884650
1901039
1901042
1917431
1917434
1917438
1933827
1933828
1950216
1950222
1966608
1966612
1999386
1999389
1999395
2032166
2032170
2048558
2048563
2048565
2064954
2081340
2081345
2114117
2114121
2114127
2130512
2130516
2146907
2163293
2179683
2196069
2196073
2212462
2212466
2212468
2228858
2228860
2245248
2261637
2261643
2278028
2278032
2294421
2294424
2310815
2310816
2343588
2359978
2376367
2425521
2425526
2441915
2441919
2458305
2458309
2474696
2474702
2491088
2491092
2507482
2507485
2507490
2523879
2523881
2540268
2540275
2556661
2556664
2556669
2573059
2573061
2573064
2589453
2589458
2622229
2622232
2671389
2671394
2671398
2687786
2704174
2720560
2736950
2736953
2753342
2753347
2769732
2786121
2786125
2786128
2818900
2818907
2835292
2835299
2835300
2868074
2868077
2884465
2884469
2884475
2933629
2950019
2950020
2950025
2966413
2966418
2966421
2982810
2982814
2982817
2999207
3015592
3015597
3048369
3064757
3064761
3064764
3097537
3146695
3179467
3179470
3212242
3212247
3277785
3277791
3277793
3294181
3294184
3294190
3343344
3343351
3343355
3359741
3391489
3407878
3407880
3489805
3489810
3489815
3522584
3522590
3538978
3538983
3538987
3555375
3555378
3555380
3588153
3588157
3604545
3620933
3637323
3637327
3637329
3653717
3653720
3670109
3670112
3670117
3686504
3719278
3719280
3784822
3784824
3784831
3801219
3801223
3801224
3833999
3850384
3850389
3866776
3883166
3883168
3883174
3915944
3915949
3915953
3932341
3948731
3948733
3948739
3965126
3981512
3981516
3997906
4030679
4030680
4047070
4079841
4096228
4096233
4096237
4112626
4112631
4112635
4129021
4129027
4145412
4145417
4145421
4161811
4178199
4178201
4178205
291
293
16681
16686
33074
33078
49467
49469
49473
65862
82250
82255
82259
98644
98650
98654
115043
115046
147816
147823
164209
164212
164219
180607
180608
196996
197000
213390
213395
229783
246171
246175
295328
311719
311720
328109
328115
328119
360891
360892
360897
377286
377289
393678
410066
426452
426457
426462
442850
442855
442859
508397
524785
557556
573944
573951
590339
590340
590344
623119
623121
623127
639515
639516
655905
655908
672296
672301
672306
688694
705081
754238
754242
787013
787017
787020
819795
819799
852569
868957
868962
868964
885352
901741
918131
918135
934522
934527
934530
950918
950921
950926
967312
983702
983707
1000093
1000096
1016484
1016490
1016495
1032882
1032885
1049272
1114815
1147584
1147591
1147595
1180365
1180368
1180374
1196762
1196767
1213152
1213156
1213162
1229550
1229553
1245941
1245946
1278718
1278723
1278724
1311499
1311501
1327888
1327892
1344281
1344284
1344288
1360676
1377064
1377069
1377072
1393463
1393464
1393468
1426240
1426245
1426250
1459022
1459027
1459028
1475417
1475421
1475426
1491815
1524585
1524589
1524593
1540983
1540987
1557372
1557377
1590149
1590155
1590159
1622929
1622933
1622936
1639327
1639330
1639335
1655720
1672110
1672114
1672116
1688506
1704895
1737664
1754053
1786826
1786830
1819602
1819605
1819609
1835997
1836002
1852390
1868778
1885167
1885171
1885172
1901561
1917950
1916929
1933317
1933320
1949709
1949715
1949718
1966105
1966110
1982496
2015269
2015273
2015278
2031666
2031669
2048057
2048063
2048066
2064453
2064459
2080845
2080848
2080853
2130010
2130013
2130016
2146404
2162795
2179181
2228337
2228340
2228345
2244734
2244737
2244741
2277514
2277517
2293907
2293910
2293915
2310303
2310304
2326694
2326696
2343085
2343091
2343093
2359481
2359485
2392258
2392260
2425034
2425039
2425042
2441429
2441432
2441436
2457826
2474213
2506986
2506990
2523377
2539767
2539769
2539774
2556163
2588932
2605321
2605325
2605328
2654485
2654490
2654492
2670882
2703655
2703659
2703660
2720050
2736436
2736442
2752831
2769218
2785607
2785610
2801996
2802002
2818388
2834776
2867551
2867554
2883941
2883947
2883951
2933106
2933110
2933115
2949502
2949506
2965894
2965898
2998668
2998674
3015060
3015066
3031452
3047840
3064231
3064232
3113390
3129777
3146166
3162553
3178943
3178944
3178949
3195339
3195341
3195347
3211734
3211736
3211740
3228131
3228132
3228136
3244526
3244528
3260916
3277306
3277308
3277315
3293703
3310091
3310095
3359250
3359253
3375643
3375647
3408416
3408422
3408426
3424815
3424818
3424820
3441208
3441212
3441219
3457606
3473994
3490381
3490385
3490391
3506779
3506781
3506785
3523175
3539563
3555949
3555955
3572341
3572347
3572350
3588736
3588740
3588746
3605132
3605139
3605142
3621530
3621534
3637921
3637924
3654314
3670700
3687088
3703476
3703481
3703487
3736259
3736262
3752649
3752652
3769040
3769044
3769050
3785437
3785441
3785445
3801835
3801839
3834608
3883765
3916536
3916543
3916547
3965700
3982091
3998477
4014865
4014871
4014874
4031260
4031267
4047654
4047658
4080431
4080435
4113204
4113208
4129597
4129601
4145989
4145994
4162383
4162385
855
859
17245
17250
17254
50024
50029
50034
66421
82811
82815
82819
99207
115592
115597
115600
131990
164763
181149
181154
197543
197544
197550
213936
213940
230331
230335
230339
246724
263113
279501
279507
279511
312280
312284
312288
345063
361451
361453
377841
394228
394232
394238
425985
425989
458763
458765
475153
491541
491546
491549
507939
524327
524331
524333
540722
540726
540728
557116
589891
606278
606280
622670
622674
639061
639067
671837
671843
671847
704618
704621
704626
721014
721017
721021
737411
737414
753803
753807
770194
786583
786585
819357
819361
835750
835752
835758
868529
884916
884922
901309
901313
917703
917705
983246
983250
999639
999640
1048799
1065184
1065190
1081579
1081580
1097971
1097972
1097976
1114367
1130755
1130759
1130761
1147149
1163537
1163540
1229082
1229087
1245472
1245477
1245481
1278255
1294641
1294645
1294649
1343804
1343811
1360199
1409355
1409357
1425744
1425751
1442137
1442143
1458530
1458532
1474922
1474926
1491314
1491316
1507704
1507708
1524096
1540487
1556875
1573262
1573266
1573268
1589657
1589662
1589664
1606055
1606056
1606063
1622451
1638837
1655226
1655231
1655235
1671623
1671626
1671628
1688019
1704407
1704408
1704415
1737185
1753573
1753577
1753580
1769971
1769972
1769977
1819133
1819139
1819143
1835531
1851919
1851923
1868308
1884696
1884703
1917474
1933860
1933864
1933870
1966642
1983029
1983032
1999421
2015808
2015814
2032202
2032206
2048595
2048599
2064984
2064990
2064993
2081382
2114154
2114157
2146928
2163319
2163323
2179709
2196098
2212485
2212488
2228878
2228882
2228887
2245273
2261663
2278049
2278052
2294442
2294444
2294450
2310836
2310843
2343615
2343618
2360004
2360008
2360012
2376400
2376405
2392794
2409180
2425570
2458342
2458344
2458349
2491123
2507510
2523899
2523900
2523907
2540295
2556682
2556685
2556690
2573077
2605851
2605855
2622241
2622244
2622248
2638638
2638643
2638646
2655035
2655039
2671426
2671430
2671435
2687820
2687827
2704215
2736984
2736989
2769761
2786149
2786155
2835308
2835315
2835319
2868088
2868094
2868097
2884484
2884490
2900876
2917267
2933655
2933658
2950046
2950051
2966439
2999208
2999215
2999218
3015607
3015609
3031999
3032002
3048390
3048395
3064780
3097555
3097556
3097560
3113950
3113953
3130340
3130344
3130351
3146736
3163124
3163130
3163135
3194881
3194884
3194891
3211277
3211282
3211284
3227675
3227676
3227681
3244069
3244073
3244079
3260465
3260471
3260475
3293246
3293248
3293254
3309641
3309647
3309648
3342421
3358809
3358814
3391587
3391590
3424361
3440749
3457138
3473524
3473529
3473532
3506305
3522692
3522697
3522702
3539090
3539092
3555480
3571870
3571873
3604646
3621032
3621039
3621043
3637431
3653819
3702973
3702976
3719365
3719371
3768525
3768530
3768532
3784920
3784925
3784929
3801319
3834088
3850478
3850482
3866868
3866874
3883260
3883267
3883271
3916040
3916045
3916051
3932439
3932443
3932447
3965218
3981607
3981611
3981613
4014385
4014390
4030777
4030782
4030784
4047172
4047179
4063567
4063570
4063575
4079963
4079967
4079969
4096359
4112745
4112750
4129139
4129142
4145528
4161919
4161922
4161925
4178313
397
401
16789
33176
49567
49569
65959
65960
82351
82352
82357
98747
98751
115138
131526
131528
147919
147923
164309
164312
180701
180706
180710
213482
213486
229873
246260
246267
246270
262659
262662
279051
295439
295440
311831
311833
311838
328225
328230
344618
344621
361009
410166
410171
410175
426561
442951
475723
475727
492113
492119
524890
524894
541280
541285
541289
574060
590449
590454
590459
623228
623232
639623
639626
656013
656017
656020
672408
672413
672417
705188
721578
721581
754355
754359
770744
787135
803521
819911
819915
819919
836304
852695
852698
852702
885472
885479
885481
901870
901873
901878
918265
918269
934659
951047
967434
967438
967443
983828
983832
1000223
1016608
1032998
1049386
1065773
1065779
1065783
1082170
1082173
1082179
1098566
1098568
1098573
1114961
1131351
1131354
1131358
1147745
1147748
1196906
1196908
1213299
1213302
1229688
1229693
1278851
1278854
1278856
1295246
1311634
1328020
1328025
1360796
1360803
1377191
1393576
1409964
1426355
1442742
1442746
1442751
1459137
1475525
1491914
1491919
1491923
1524694
1524696
1573852
1590243
1590245
1606633
1606636
1623027
1623028
1655800
1672188
