32778
65556
65561
196640
262187
327728
393277
491609
491615
753797
1081539
1573181
2589163
3998451
491619
393282
393287
557157
262189
360503
426057
589928
852106
1114308
1605953
2621934
4031220
6193259
852606
852609
6193263
885382
5275973
2654523
2556670
6259684
8159597
6259688
8192369
3015142
8192373
8192377
3080683
3080687
3080691
6259695
2556675
6292464
8257916
3113462
8257920
3146234
3146237
3146242
2556676
6325236
6325242
8323461
6325247
2654527
2654528
2622219
2622221
6389761
393
3211782
3211787
3211788
399
3244562
3244565
402
6389764
33172
3310104
33176
33183
6389771
4031225
6226034
6226039
950920
2621938
4063998
6258811
983692
5341512
2687302
2654992
6422541
98722
3408413
3408416
3408422
98727
6422546
131497
131501
131506
6422548
164278
3572267
164283
3605038
2654996
6455323
197055
3637811
6455324
229827
6455329
262597
3703348
262600
3736122
3736126
3736128
262605
3768903
5341517
983698
5374291
2752841
2687769
6488101
295376
3801675
295382
3834444
6488105
328152
3867219
3867221
328156
3899993
6488111
360930
3932765
3932768
3932773
360933
360937
3998314
2687772
6520881
393710
4031085
393713
4063858
4063860
6520887
426485
4096634
426490
4129407
426492
4162176
6520891
459266
4194951
2687776
5374292
2785614
2720548
6586430
6586432
6586438
557573
4227722
4227726
4227731
557577
2785617
2753320
6619209
590351
4293270
4293274
590352
6619215
6619216
2753325
2753328
6684757
688663
4358812
4358817
4358820
688667
4391594
4391598
4391601
688668
4424373
5374298
2818388
2786103
6717529
721440
4457147
4457150
4457153
721444
4489927
6717534
754217
2786104
2786108
6783075
6783078
4064000
4064006
6324351
1016471
1016475
5439838
5439840
2883928
2883934
2851648
2851653
6848617
852524
4555467
4555468
4555474
852528
4588245
2851658
6881389
885302
885305
885309
1016476
5472612
5472617
2949475
2621943
4096777
6357122
1049251
6357127
1082020
5538156
6357131
1114793
5570928
3015015
2917198
6914162
2917203
6946932
6946937
6946940
1016384
4719320
4719325
1016388
4752099
1016393
4784871
4784874
2917204
3015016
2949977
7012481
1049167
1049168
4850412
2949981
7045252
1081942
1081944
4915955
4915956
4915960
7045257
1114719
4948732
1114723
4981507
4981511
4981515
7045262
1147494
5014287
5014289
5014294
2949986
7078034
7078036
1213034
1213039
5079834
5079838
5079843
1213043
5112614
5112619
5570935
3047791
2982759
7110808
1245812
5145390
3047792
5570938
3080565
3048297
7143582
1278584
5178160
5178165
5178169
7143585
3048301
3048305
7209126
1344124
5210940
5210946
5210950
1344130
1344135
3080571
3081079
7241896
7241903
1409674
5309256
5309262
7241907
3081083
7274679
1475215
3080572
3113852
7307451
1507987
5374803
1507990
5407573
5407577
5407581
3113857
1114797
5603709
3113346
3113351
3179397
3179403
7405757
1540760
5440352
1540765
5473124
7405760
3179407
7438533
1606307
1606308
5538667
7438539
1639082
5571437
1639087
5604209
1639088
5636980
5636987
5603713
3146122
3146124
3244945
3244949
3244952
7536845
1671861
1671864
1671870
5735292
7536850
1704642
5768067
1704646
5800838
5800840
5800847
7536852
1737418
5833616
5833622
1737420
5866395
5866399
1114801
5636485
5636489
5636494
3244432
3277727
7569624
7569629
1802961
5899171
5899175
7569633
1835732
5931945
3277730
7602407
1868505
5964717
5964721
5964724
1868509
3277735
3244438
3310504
7667944
1901280
1901286
1605956
2654715
4129549
6389901
1147575
1147576
1147583
5734801
5734805
3309976
3343278
7700718
1934056
6095800
6095806
6095809
7700722
1966831
3343282
7733492
1999602
6161349
6161354
6161356
1999607
6194129
6194132
1999608
6226907
7733498
2032383
6259679
6259682
6259685
2032387
6292457
6292461
2032389
6325232
6325239
6325243
3343284
7766268
7766275
2097929
7766279
2130702
6390783
2130707
3309981
3376058
3309987
3408831
7831816
2163476
7831821
2196250
2196253
7831827
2229027
2229028
4129555
6422674
1180355
1180356
5800345
5800348
3375527
5800355
3408296
3474368
7864599
2261801
2261805
7864603
2294578
7864607
3408301
3507141
6422679
1213131
2654716
4162325
4162330
6488219
4162335
1114313
1638731
1114319
852111
1147089
1704271
2720259
2720262
2720266
4260643
6553758
1278668
5865895
5865896
3473842
1278675
5898668
3506615
3572682
7930146
2360119
2360120
3572686
7962919
2392895
2392897
7962923
2425668
2425673
7962925
2458445
2458448
3506618
3506620
3638226
3638229
8028465
2491222
2491224
8028470
3638233
8061241
2556767
2556771
2556773
8061246
2589547
2589551
8061248
2622321
2622324
2622329
5898672
3539394
3671005
8094020
2655101
2655105
2655110
8094027
2687880
3671010
8126799
2720652
2720656
2720662
8126802
8126807
2786201
2786204
5898676
3572164
3703782
8159579
2818976
2818983
8159583
2851753
2851758
2851760
8159585
2884532
2884538
2884543
3572170
3736554
8192359
2917314
2917316
2917321
3572175
3769327
8225129
2950092
2950096
8225134
2982871
3769331
8257907
8257910
3769332
8290680
3081179
3081183
4260644
6586531
6586534
1344213
5931449
1344219
5964220
3637714
3802105
8323455
3113955
3113956
3113960
8323458
3146733
8323461
3179507
3637718
3834878
8356233
3212277
3833857
397
3245051
3245055
401
5964227
3670489
3866629
33173
3866632
65944
3342336
3670492
3899405
98719
3375110
98721
3407881
3407885
3407891
3899411
131495
131496
3899414
164271
3506199
164272
164277
3571738
3571742
3571747
3670496
3932185
197051
197055
3932190
229826
3670053
3670058
3670062
5964229
3703270
3964960
262598
3702832
3702836
3702841
262600
3735614
3735616
1344220
6586539
1376995
6029768
6029772
3768810
6029778
3801583
4030501
295375
3768388
3768395
295379
3801167
3801169
3801172
4030505
328149
3833945
328152
4030510
360925
3899487
3899488
3899494
360930
360934
3965034
3801586
4063282
4063285
426474
3997807
3997809
3997813
426478
4030587
4030588
4030593
4260648
1704275
2753038
4293422
4293425
6684847
1409765
6062548
3834359
4096057
459249
4063366
4063371
4096063
492020
492027
4128910
4128914
492030
4161687
4096066
524803
4194456
524806
4227228
4227235
3834362
4128837
557579
4128843
590351
4292774
4292776
4292781
590352
4325553
4325556
4325561
3834366
4161613
623127
623129
4391100
4391107
623134
4161616
655905
4456644
655910
4489418
4489422
4489427
4161621
688682
4522199
4522203
4522207
688685
4554979
4554983
4554985
6062553
3867139
3867140
6062557
3899912
4259930
721457
4587756
4587761
4259933
4259936
3899918
4292708
819766
4620533
4620539
4620540
819771
4653315
4653317
819775
4686090
6684848
1442539
1442541
2753040
852115
1179860
1737045
2785812
4358966
6717620
1475313
1475316
6193635
3932688
4325483
852545
4718862
4718867
4718870
3932692
4358253
885319
4751643
4751644
1475323
6226405
6226409
3998234
3998237
3998243
4456561
4456564
950859
950863
4817184
4817191
4817192
4456569
983633
4849964
983639
4882736
4882743
6226413
4358971
1737050
1179865
1179868
1802589
2851355
4391740
4391744
4391751
6848696
1508095
6259184
4063782
4489342
4489345
1049178
4915514
4915518
4915520
1049182
4948294
4489349
1081952
4981066
4981071
1081957
5013843
5013846
1081961
4063786
6259191
4096558
4554890
4554893
1147500
4096563
4587667
1180273
5112155
1180278
5144925
1180283
5177699
4587670
4587675
1245820
5210471
1245824
5243241
4096565
4620447
1278599
5276013
5276018
1278602
4620448
1311373
5341559
5341561
5341567
1311377
5374338
5374343
1311380
5407115
5407117
1508099
6848701
1540870
6324731
4129338
4653222
1344152
5439890
5439892
5439899
1344157
5472668
1344161
4653224
6324733
4162108
4685997
1409700
5538211
4686003
1442474
5570983
5570985
1442477
5603758
5603763
4686005
4162113
4718777
1508019
5636534
1508023
5669305
5669311
4718781
1540792
1540873
1540877
6848706
1573648
6423043
6423045
4227653
4227657
4784322
1573567
4784324
1606337
5767618
5767620
5767627
4227663
2851359
4424520
4424525
6914246
1606420
1606427
6488585
4260432
4849866
1639111
5800396
5800400
1639115
5833172
5833179
1639119
5865951
5865952
4849871
1671888
4849874
1704663
5931494
1704666
5964267
5964268
1704670
5997040
4260436
4882645
4882648
1770208
6029813
1770215
6062584
1770217
6095357
4882652
1802990
6128130
6128132
6128137
1802993
6160908
6160913
6160918
1802998
6193688
6488590
4293211
4915426
1835769
6226460
6226466
1835773
6259238
6259243
6259247
6488594
4325981
4948197
1868547
6292016
1606430
6521365
4358755
6521369
4391525
5013738
1901319
6324791
6324792
6324799
5013742
1934090
1934094
6390337
6390341
1934099
4391529
5046513
1966868
6455881
6455884
1966872
6914248
1639201
6554141
4424302
5079287
1999647
6521426
5079289
2032416
6554198
6554201
5079294
2065190
6586972
4424306
5112067
2097962
6619746
4424308
6554144
4457082
5177604
2130733
2130739
2130743
6718053
6718057
6718063
4457084
5210377
2163514
6750835
6750839
2163517
6783609
2163523
5210381
2196294
6849151
2196296
2196301
6914688
6914693
6914696
5210384
2229073
6947469
6947474
6947479
1639206
6586916
4489856
6914254
1671978
6619688
4522629
4522635
5308693
2261847
6980251
6980254
2261850
7013027
2261854
5308698
2294625
7078564
7078570
7078572
2294628
7111346
7111348
5308700
6619695
4555404
5341474
4555408
1671981
1671985
6685235
4588181
5407015
2392938
7144121
7144126
2392940
5407019
2425715
7209665
7209669
7209673
2425718
7242447
7242449
7242454
5407020
2458488
7275225
7275228
2458493
7308002
7308007
7308009
4588184
5439794
6685236
4620959
5472564
5472570
2556803
7340781
7340784
2556806
7373559
7373562
7373564
2556808
4620960
5505343
2589582
7439107
7439109
4424530
6947025
1704759
6718010
1704762
6750782
4686500
5538114
2622354
6750784
4719274
5570887
2655124
7504648
2655129
7537422
5570890
2851363
4457301
6979798
1737534
6783556
4752047
5603660
2720668
7570192
7570199
7570203
2720675
7602972
5603666
2753447
6783560
6783566
1802593
2884132
4490073
7012569
7012575
7012577
1835841
6816338
4850353
5636436
2786216
4850358
5669208
2818988
1835847
6849108
4883131
4883135
5734751
2851763
7734049
7734054
7734059
5734754
2884534
7766831
7766834
2884538
2884543
6849113
4915905
5767525
2917313
5767531
2950085
7897908
7897912
5767535
2982858
7930685
7930690
2982863
7963460
7963466
7963470
2982867
7996242
7996246
4915909
1835848
6881884
4948680
4948686
5865842
5865846
3048406
8029017
8029023
3048408
5865851
6881891
4981456
5898622
5898626
3146716
8094563
4981460
5931398
3179491
8127332
8127339
3179493
8160110
8160114
5931402
3212265
8192887
8192889
8192892
3212268
8225667
8225668
8225674
2884136
4522847
4522849
2884142
4555623
7110885
1868622
4555625
7143658
1901392
6947430
5014234
5014237
5996940
3245043
8258446
8258451
3245044
8291223
8291224
8291229
5996946
5014242
6029716
3310584
8324001
8324007
6029722
3343356
8356777
3342337
942
946
951
6947434
5047015
6062492
3375108
33723
5047017
6095264
3407882
66495
3407885
99265
6947438
5079788
6128039
6128040
3473427
132039
132040
132047
5079795
1901396
6980209
5112565
5112568
6226350
3506198
164816
164821
5112573
6259121
3538971
197595
197598
197601
3538972
230373
230377
230383
6980214
5145347
6291894
3571744
3571751
5145349
6324665
5145352
6357439
3637291
3637294
361457
361462
361465
3637297
394236
393216
393222
6357440
3670069
425993
425998
426000
6357445
3702843
458773
458779
458781
3702844
491554
491559
7143660
1934171
7012986
5178125
6390219
3735617
524328
524332
6390221
6390227
5178130
6422998
3833927
557104
3833929
589878
3833932
622648
6423000
3866706
655420
655425
3866708
3866715
6423004
3899486
7012989
1934175
7045763
5243669
6455779
3932258
786501
6455780
3965029
819275
819276
819283
3965033
852055
3965036
6455784
3997811
917594
917596
5243672
6488558
4030583
950368
950373
6488560
4063354
983145
983151
983154
4063359
1015924
1015931
7045767
7045770
1802598
2916915
2916917
4621166
589935
360504
458831
458833
655473
917654
1212643
1835371
2949688
2949694
2949698
4719475
7209202
1966944
7078542
5341981
6521332
4096131
5341986
6554106
6554108
4161669
1081471
4161674
1114243
1114244
6554115
4194444
1147017
1147020
5341990
6586887
4227217
1179794
1179799
1179802
4227220
1212573
4227227
1245347
1966950
4719478
7241974
7241976
2032488
7144081
5374762
6619659
4259999
1278118
4260002
1310888
1310894
1310899
6619663
4719482
1835373
2982471
1835378
3015243
3015247
4817789
7307519
7307523
7307526
2130798
7176852
5407534
4817794
7340299
2163571
7209626
5440304
7209630
5473078
6717970
4325542
1343671
1343674
1343676
4325544
6717973
5473081
6750747
4391087
1409218
1409222
1409224
4391088
1441997
1442003
4391094
1474773
1474779
1474781
6750751
7209635
5505854
5505859
6816288
6816294
4489401
1507552
1507556
4489405
1540330
1540334
4489411
1573104
1573109
1573114
6816298
4522180
1605885
1605891
4522186
4522188
1671428
2163572
7242404
5538628
6849071
4554963
1704202
1704206
4554966
4554971
6849074
6849076
4620511
1802513
1802517
4620515
1835291
4620516
1868060
1868067
1868069
7242409
5571401
6881848
4653290
1900842
1900847
1900851
4653295
6881852
6881859
4718833
1966389
5571405
6914630
4751604
1999161
1999164
5571408
6947402
4784376
4784381
2064705
4784387
2097478
2097482
7242414
7340301
7340307
1212644
1212649
1900919
917657
655477
655483
983196
1278190
1933690
3080786
4850567
7373078
7373082
7373087
2327418
4850569
7405856
2360191
7307955
5636948
6980173
4817158
6980177
4849928
2163020
2163025
2163030
4849934
2195800
2195805
6980183
5636955
7012955
4915472
2228578
2228582
2228584
4915478
2261356
2261363
7012957
4948248
2294134
2294137
2294142
4948254
2326912
2326916
4948257
2359689
2359695
7012961
4981029
4981033
4981036
2458001
2458005
7307959
5669724
7045735
5669731
7078507
5046577
2490778
2490782
5046583
2523555
5669732
7111277
5079352
2556327
5079356
7111283
5112129
7307961
2360192
7340735
5735274
7144053
5144900
2654633
2654639
5144904
2687409
2687413
2687418
5144908
7144059
5177680
2752959
2752961
5177687
2785734
2785737
2785743
5177689
7144062
5210460
2851280
5210464
5735277
7176832
5243238
2916822
2916827
7176836
5276008
2949597
5276014
2982369
2982375
5276016
3015144
3015150
7176842
5308789
3047923
4850575
7438631
2392965
7373506
5768049
7209612
7209619
5374328
3080694
7209622
5407102
3113467
3113470
3113474
5407104
3146244
3146248
3146252
5407110
3179026
5768053
7242394
7242398
5472650
5768059
7275169
5505423
3244565
3244569
3244575
5505424
3277345
3277348
3277353
7275172
5538198
3310126
3310128
7373510
2392970
7406282
7438635
2425741
7439055
5866365
7307946
5570970
3342900
5570972
3375672
2425747
7471824
5899139
7340716
5603745
3408445
3408450
5603751
5899140
7373488
5636520
5636524
5636530
3539525
3539530
3539533
5899145
7406260
5669300
3572304
7406265
7406271
5734841
3605077
5734847
3637851
5734849
3670620
3670626
2425751
7504598
5931917
5931922
7471811
5767620
7471814
5800395
3736164
3736168
5931925
7504585
5833167
7504588
5865939
3801711
3801712
7504602
5964698
7537360
5898711
3834485
3834489
3834494
7537364
5931480
3867266
5931484
3900038
3900041
3900047
5931491
7537370
5964263
3965585
3965588
5964702
7570141
7570145
6029803
7570149
6062575
4031130
4031132
6062576
4063904
4063908
6062581
4096682
4096684
4096688
5964705
7602923
6095353
4129463
4129467
4129470
6095359
4162240
4162247
6095363
4195019
7602927
7504606
5997479
7438638
2458520
2458527
1933695
1933697
3146324
4883344
7471411
7471415
2524064
7602913
6030248
7668464
6030253
2524071
2524072
7668454
7471417
2556844
2556849
7733992
6095793
7733998
6128565
7766773
6193670
6193674
4260558
4260561
6128569
6128572
7832312
6226447
4293332
4293337
4293342
6226450
4326115
4326116
4326122
6226454
7832319
7832323
6291994
2556855
3146329
4916118
7504191
1278195
1966470
3179103
4948889
1966474
3211872
4981662
4981664
7602498
7602501
2655162
4981671
3211876
5014440
7668040
2687932
7832304
7832309
6194113
2687936
7865081
7865084
2687942
7897859
6292423
7897861
7897864
6357963
7930628
6357966
7963403
6357534
4424431
4424435
7668044
2720714
2720716
7963405
7963409
6423506
7996173
6390307
4457207
4457209
6390308
4489981
6390313
4522755
6423511
8028945
8028951
6455855
4555524
4555528
4555534
6455857
4588305
4588310
4588312
6455863
4621087
4621088
4621092
8028954
6488634
7963414
2720722
7996184
7996190
983202
1310966
1999246
3244651
3244655
1310970
983206
1343742
2064786
2064788
1343744
1343750
458838
688252
1015979
1376523
1015982
1409293
2195864
3342960
5112751
7700817
7700821
2786260
8028963
6554585
8061724
6521405
4686633
4686638
4686641
8061731
6554178
6554591
8094502
6586951
8094506
6619723
4784949
4784955
6554593
8028964
6587365
8160047
8160051
6685261
4817727
4817731
4817733
6685267
4850506
4850511
4850512
6587368
6587374
8225588
6718038
4883286
4883291
6718040
4916060
8225592
6750814
6750816
2786265
8061736
5112755
7733592
2819038
2819042
2819047
7733597
2851818
8192812
8192816
6685680
8258365
8258369
6816356
5014370
6685687
8291141
8291146
6881896
5047143
5047146
6881900
5079918
6881905
5112691
5112693
6685691
8323919
6914676
5145466
5145471
6914680
5178241
8323921
8192821
6718461
7733600
2884591
5112759
7766373
2917362
8258362
8258364
6782977
855
6980222
859
7766378
2950135
2950138
1409298
2228637
3375734
3375737
2228642
3408511
5211065
2228647
1409303
1015987
1442074
2294184
3474051
5243836
7831916
2982911
8356674
6815750
33629
7045762
5243781
5243787
5243788
7045764
5276562
33634
33638
6815752
2981889
836
841
7831923
5243841
7864693
3047431
7864698
3474052
5276615
7897470
3112969
66380
3112972
3112976
131922
7897475
2294191
3506827
5309384
3506830
3506835
5374925
7963012
1442079
2326961
3539607
5407698
7995787
3211286
164692
6979597
99176
99181
7176843
5309335
5309339
5309342
99186
7209615
5342113
7209616
7209621
6979602
131957
6979607
164731
164735
164739
7340699
5440423
5440425
7340702
5473199
164697
164700
7045144
197511
7045150
230280
7406242
5505968
5505974
7406244
5538745
230285
7439018
5571519
7439022
5604288
7439025
230288
7471798
7471801
7471807
7995788
5407702
8028562
3276826
197475
7077922
263062
7504576
5768133
5768139
7077927
7077931
328603
7537349
5800911
5800912
7537353
5833687
5833691
197477
7110703
361373
7570126
7570129
5899228
5899234
5899238
7570133
361378
7602905
5964778
5964781
7602909
5997552
5997558
7602913
7110706
394151
394152
394158
7110708
426928
7733988
6063096
6063101
426932
7766762
6094848
3276828
8028565
3309601
3309607
8028571
3539608
5440473
8061343
3375147
328555
3375150
361326
7176249
459707
459711
459715
7865068
6127621
6127624
7865072
6160398
6160401
6160404
7176253
492484
7897846
361328
7209025
525257
7930619
6225947
6225949
6225952
5440476
8094114
3407923
394102
7241797
558029
7963389
7963395
6291493
6291498
558035
7996166
6324271
7996170
6357040
7996174
6389815
558039
8028944
6422587
3407925
426874
7274571
7274575
623576
8061719
6455358
6455362
8061721
6488133
8061726
6520904
6520910
6520913
623580
8094498
6553687
6553688
6553692
8094500
6586467
6586468
6586472
8094505
6619246
6619251
6619254
623584
8127279
8127282
6684795
8127284
6717565
6717569
6717573
7274577
426878
7307349
689127
7307352
721899
8192826
8192831
6783114
6783118
6783121
721901
8225603
6815892
3407931
459650
7340125
754673
8258375
6848665
6848670
6848672
8258376
6881446
6881448
7340128
787444
8291150
787448
787454
8356691
8356695
6979759
6979761
6979767
8356696
7340133
459654
7372904
851969
862
7045307
7045308
7045313
864
7078085
871
7110859
851973
33641
7143628
33647
7176400
459656
8094119
8094120
3473469
3539615
5473249
8126892
3506240
525199
7438446
7438448
917515
66416
66420
917517
99192
7274711
99196
7307483
7307487
525202
525204
5473254
8159666
3539012
557979
557981
7569526
950289
131969
131975
7373026
7373029
7569528
983061
164745
164748
983066
983069
230290
7471339
7471343
230292
7504114
7504117
7504120
230296
7536893
7569535
1015843
263069
7569667
7569668
7569674
263072
7602446
7602450
7602455
3539018
590753
7602307
1048615
1048619
1048621
361383
361384
361388
7700760
7700767
7700769
7602311
1081394
394161
7733543
7733544
1081398
426933
426939
7799085
426943
7831859
1081400
459712
459719
7897398
7897401
459720
7930174
7930178
7602312
1114172
492494
7962951
7962955
590759
590760
7667855
8159669
3571789
623533
7700624
1179715
525267
7995725
7995731
525268
8028502
525272
8061274
7700629
1212486
1212488
8159675
2326966
3572386
5506025
8192444
3637329
656307
7733400
1245262
1245266
656351
8094046
8094050
656352
8126821
8126827
656358
8159596
8159603
8159604
3637334
8192448
3572388
5538797
8225223
3702872
721846
7766174
1278037
689130
689134
8225146
8225149
689137
8257922
8257926
1278043
721909
8290698
8290701
721914
8323472
8323478
8323480
721917
8356255
8356256
8356263
7766176
7766182
1343581
753665
425
431
435
753671
33204
33211
1343587
786442
65982
65987
786445
98757
1343591
819216
131528
131534
131536
819221
164308
164315
3572393
5571568
8257993
8257997
3768412
754619
754620
7831720
7831725
1409130
851992
851999
229855
852002
1409133
884773
295395
295396
884778
328169
1409138
917549
360943
360945
360950
917553
7831729
1441910
950326
426489
426495
426498
950330
459271
950334
1441913
983106
524808
524812
524816
1441917
1015879
557588
557594
557598
1015882
590371
590374
590379
1015885
623148
623155
754627
7864501
1474691
1474694
1081424
655926
655931
655935
1081428
688706
3768417
787396
7897275
1507467
1114201
721478
721482
721486
1114207
754258
754261
754265
1114210
787036
787041
787047
1507471
1146980
819819
819822
1146984
1146988
885361
7897277
1540242
1179760
918135
918137
918141
1179765
950912
950916
950923
7897283
1573015
1212538
983693
983696
1573017
1245310
1016468
1016473
1245313
1049245
1049248
787401
7930054
787407
7962824
1638557
1278087
1082020
1638561
1310856
1114794
1310862
7962828
1671334
1343632
1180333
1343637
1213106
1213110
1213112
1343642
1671336
1671342
1409181
1278654
1409186
1311427
1311430
1409190
1344202
1344205
1344210
8258002
3801191
820178
7995602
820181
3801194
5571575
8290775
5571576
8323545
3866734
885721
8061143
1736881
1441960
1376982
1376984
1376989
8061144
1769652
1474732
1409761
1409765
1474738
1442539
1769658
1507510
1475308
1507514
1508082
1508087
885724
8093918
1802429
1540284
1540859
1540862
1802433
8323551
3899507
918496
918500
8159457
1835207
1605825
1573635
1573636
1835209
1638598
1606411
1606414
1606418
1638600
1638607
8323553
3932277
951275
8192228
8192233
8192237
951276
8225010
1966286
1966290
1704147
1704725
1704148
1737497
1737503
1737506
1704155
1770278
8225015
1999063
1736926
1803051
1803053
1736928
1736933
1999064
1769707
1769709
1934129
1934134
1934138
1769715
1966909
8225019
3932280
984049
8257789
8257795
2097375
2326970
1442081
2359740
3637933
3637936
5637118
688256
1048756
1474853
1048762
1507625
2425281
3670708
5668865
484
3965054
1016823
8290564
2130144
1835252
1999680
1999685
2130150
1868027
2032459
1868030
2065228
2065234
2065238
8290569
2162923
1900803
2098009
2098012
2162924
1933574
2130785
1933579
8290573
2195699
1966350
2196326
1966353
2229097
2229102
2229104
2195700
2195704
2031892
2261879
2261882
2031897
1016825
8323347
2228479
2064670
2064675
2360190
2360195
2360199
2064679
2392969
2392974
3965056
1049596
8356119
2261251
2097448
2425746
2261255
2130223
2458516
2458522
2261257
8356121
2294029
2195760
2491292
2491298
2491303
2195765
2524073
8356125
2326801
2228539
2556847
2556849
2556854
2228542
2589626
2589630
2326804
2261314
2622403
2261317
2261320
2687940
1048577
291
293
1048582
33065
33070
2457882
2457887
2326861
2326866
2753481
2753486
2753488
3965060
488
3997833
1114120
65842
2490656
2359639
2786261
2786267
2786271
2490661
2490665
65846
1114124
98619
2556207
2457947
2819043
2819047
2819051
2457948
98621
2588977
2490720
2884590
2884595
2588981
2588985
2556261
2917366
98625
3997839
1146897
131398
5668871
33260
4030610
33265
4063380
1212437
164170
2687292
2589035
2589037
2982906
2982910
2981888
2589040
3014661
3014664
3014670
2687299
2621815
3047442
3047447
3047448
2621816
164175
2720071
2654589
3112988
3112994
164179
1212443
196948
196954
2818379
2687362
3145767
2687364
2818381
2720136
3211304
3211310
3211315
2720141
3244084
196958
2851152
2752915
3276859
2752919
2752921
3342396
2851159
2785694
1212447
229731
2883929
2818466
3407939
2818471
2818472
2883935
229734
2916706
2884013
3506246
3506249
2916708
4063386
1245216
1245221
295272
2949482
2949486
295279
2982258
3015088
3539023
3539027
3015095
3571799
3571802
3571805
2982260
3047866
3604579
3047871
3637351
3047872
3670123
1245225
328049
3015032
3080647
3080650
3735662
3735667
3735668
3080654
3768443
3768444
3768451
3015036
328052
3047808
3146195
3801223
3146197
3833992
3833996
3146200
3866768
328059
3080583
3178974
3178977
33271
1507631
2458052
2458058
1048766
1540403
2490829
3769019
3769023
5734409
3769024
5767180
2490834
3801797
5799955
5799959
5799962
3801801
5832732
229881
229885
4161695
1277997
360831
3113355
3211748
3965077
3965080
3965084
360832
3146126
3146130
3277288
3997856
3277293
4030630
4030632
3146132
3310067
4063407
4063410
3310069
4096182
4096185
1278003
393604
3178905
3342840
3342844
4161724
4161728
4161735
3178910
3375619
4194505
3178912
3408389
4227279
393608
3211687
3211688
3211695
3506698
4260048
4260053
4260058
3506703
4292830
4292835
4292838
3506707
5832739
262659
262661
4227235
1310774
426382
3244467
3539476
4358376
4358381
4358385
426387
3277237
1310778
459159
3310010
3310015
3310019
1310783
491931
3342791
3703323
4391158
3703325
3703329
4456698
4456702
4456707
3342794
3736102
4489479
4489481
4489486
3736107
4522259
4522262
3342796
3768878
4555033
4555039
4555040
3768881
3768885
4620581
4620586
4620588
491935
3375571
3801658
4653363
4653367
3801663
4686136
4686143
3801667
4718915
262665
5832741
295438
4292774
1343553
1343556
1343562
590240
3408343
3834436
4751687
4751691
4751695
3834440
3408344
3408351
3899982
3899985
4292779
1376334
623015
623016
3473889
3932758
4882769
4882773
4882776
295441
3801805
2490837
3834579
3834583
5931049
328214
4358316
1409107
655789
3506661
3506665
3998298
3998303
4948318
4948321
3506668
655795
3539443
4063843
4981092
4981098
4063847
3539444
3539449
4129387
5046639
655799
1409110
1409114
721339
721340
3637757
4162156
5079408
5079414
4162162
4162166
5144954
5144956
5144960
3637763
4194936
3637767
4227709
5210503
5210504
5210508
721345
3670539
4260480
5243283
4260486
4260489
5308823
5308827
5308829
4358322
1441884
754118
3703311
3703315
4326029
5341600
5341607
5341609
4326032
5374380
5374384
754121
3736084
328216
4391095
1474657
786894
3768856
3768863
4424341
5407159
4424345
5439929
5439934
328222
4423865
1507430
819666
1507433
852436
3834402
4457116
5472706
852441
3867172
4489890
5505479
3867176
4522660
5538250
3867182
4555434
5571021
4555438
5603792
5603798
5603803
4555443
5636574
5636576
5636581
852446
5931055
360994
4456637
360998
4489409
4489413
1605742
885218
3932722
4588213
5669354
5669357
885223
3965493
4620987
4620990
4620995
5767664
5767670
3965496
885227
3998269
4686532
5800443
5800444
5800450
4686536
5833223
5833224
1605744
1605751
4489418
1638520
1638525
1016301
4031040
4719309
5865996
5866001
5866006
4719313
5898779
5898782
5898786
4031046
4752087
5931556
5931561
4752089
5964335
5964339
5964343
4752095
5997114
5997116
5997123
1540405
2523609
2523612
3900123
5963827
5963828
426538
426541
4554957
1671298
1049073
4063818
4784867
4063822
4817637
6062662
6062667
6062671
4817643
6095440
6095445
1671302
4554961
1704075
1114612
4096595
4096599
4883182
6128219
2523616
3932894
5996603
459315
4587735
5996607
492086
4620505
1769613
1147384
4129368
4129374
4948723
6160989
6160992
6160998
4948726
6193770
6193774
6193778
4129377
4981498
1147391
4162150
5014270
6259317
5014275
6292090
6292092
5014278
6324866
6324869
4620509
1802385
1180163
1180164
4227690
5047049
6357641
6357644
6357648
4227693
5079822
6390421
5079826
6423195
5079830
6455966
6455969
1180168
492091
4653282
1835157
1835161
1245711
4293232
5112601
6488740
6488746
6488749
5112605
6521523
5112609
6554294
6554297
6554302
1245713
4326007
4326011
5178150
6587074
5178155
1245719
4358781
5210926
6652612
1835165
1278491
4391554
5243698
6685385
6685389
5243701
6718162
6718167
6718168
5243705
6750943
6750946
1278492
4424325
5276477
6783718
6783720
5276480
6816494
6816496
4424328
5309255
6849268
6849273
4653286
1867939
1311265
4457102
5342025
5342031
4457106
5374802
6947583
6947587
5374807
5374810
7013127
7013131
4457111
1311268
4489881
5440350
7045902
7045904
5440352
7078679
7078681
7078686
5440358
1867942
1344040
4522655
5473128
7144225
7144228
7144233
1344045
4555425
5505903
7177007
7177009
4555428
5538673
7209780
7209786
1344050
4588202
5571446
7242558
5571449
4588204
4588210
5636991
7308097
7308102
5636995
7340872
7340877
5996611
524860
4686059
1900712
1376822
4620980
5669765
7373649
7373653
5669771
7406427
7406428
7406433
5669774
7439205
7439208
4620987
1900716
1409593
4686061
1933488
1933494
4686065
1966266
1507902
4686527
5735313
5735317
5735323
4686530
1507906
4719300
5800862
7570285
7570288
5800864
7603061
7603066
4719304
5833639
4719308
5866408
5866413
7701373
5866419
7734145
1966269
3932898
6029383
557635
557636
4751607
1999040
1573445
4752080
5899189
7766916
7766923
4752085
5931961
7799693
5931967
7832465
1573449
4784858
5964739
7865237
7865241
7865245
1573452
4817628
1999047
1999049
1638995
4850402
6030278
7898018
7898023
7898025
1638999
4751610
2031821
2031826
1704537
4915942
4915944
4915949
6128587
7930796
7930803
7930805
6128589
6128595
7996347
4751612
2064597
1737309
1737314
4981491
1737316
5014262
6194134
6194136
8061886
8061890
557640
4784387
2097368
1770088
5047035
5047036
6259677
8094662
8094664
8094669
5047043
6292450
8127440
8127446
4784389
2130140
1802861
5079815
6325223
6325227
8192987
2130147
1835635
5112586
6357996
8225757
6358000
8258529
8258532
6358005
8291304
8291308
5112589
6390777
6390782
5112594
1835639
5145365
6455297
1009
1014
1016
6455303
6455305
66558
65536
65540
2130151
1868410
1868415
5210907
6488077
6488081
5210911
6520852
163851
6520857
196622
196627
6520863
229398
229401
1868418
5243681
6553633
262172
5243684
6586407
6586408
327713
327717
327722
6586415
360492
360499
360501
5243688
6619185
393274
6619191
6619193
458813
458816
458822
6029385
590413
4817162
2162920
1901190
5276462
5276467
6684732
491593
491596
491602
6684739
6684740
557143
557144
5276470
6717514
589917
6717518
622690
622694
1901193
5309243
5309247
6783059
655466
6783060
688238
688240
6783067
721014
1901198
5342018
6815839
753784
753791
6815841
786561
6815847
819332
5342022
6848619
852105
852111
852115
6848623
884886
884891
884893
5342027
6881392
917665
2162927
1933968
5374796
6914167
6914170
983206
6914173
1015976
5374803
6946947
6946949
2162931
1966742
5407575
6979722
6979724
1147052
1966747
4817165
4817169
6029388
623184
4849941
3932900
6062163
6062166
688724
4882715
2294007
1999517
5473112
7012499
7012502
7012505
5473117
7045278
1278128
1999520
688731
688732
1540409
2556391
3965673
6094938
721504
721511
6094940
6094946
787051
5046558
2326777
2032292
5538657
7078051
7078054
1343669
1343674
1343676
2032298
5571429
7110824
1376451
1376454
1376456
7110829
7110832
5571435
7143605
1474766
1474768
1474774
7143611
1507546
1507548
7143612
1540321
1540327
1540329
2032303
2326781
2065074
2065077
5669740
7176384
1573103
7176389
1605872
1605878
1605880
7176395
5669747
7209166
1671423
1671427
5669751
7241939
7241942
1736967
1736969
2326787
2097848
5046562
2359557
2359562
5046565
787055
5079337
2425101
3965679
6127716
819825
5112108
2457874
2228927
5735288
7274715
1769743
7274716
1802512
1802517
1802522
7274722
5735294
5735297
2457876
819828
5144882
2490648
2294464
5768068
7373030
1868062
7373032
1900834
7373039
1933607
1933608
5768074
7405810
1966382
2294471
5800844
7438581
1999154
2294475
5833619
7471353
2031924
2031931
5144884
2523421
2523425
2360013
5866391
7504127
7504131
2097469
2097472
7504133
2130244
2130248
2130252
5866394
7536907
2163024
7536910
2195797
2360016
5899166
7569682
2228570
2228575
2228577
7569687
2261351
2261353
7569690
2294127
2294129
5899171
7602461
2326901
7602466
2360022
5931943
2523431
2392794
2392799
5997480
5997487
7700773
7700778
2425210
2425214
2425218
5997490
819833
5177656
2556203
2425568
6030263
7766317
2457989
2457993
2457998
7766320
7766326
2523538
6030265
2425572
6063039
6063042
7864635
2556311
2425578
6095814
7897404
2589082
6095819
7930179
2621854
2621856
2621863
7930181
2654633
2654636
2654642
5177661
2588975
2458350
6128588
2458353
2588978
2491125
6194131
7995721
2687415
2687418
2687422
7995726
2720193
7995729
2752966
6194132
8028502
8028505
2818505
8028509
2851276
2851281
2851287
6194136
2491130
6226910
6226913
8126819
8126820
8126826
2949595
2949596
2949602
5177667
2621749
196647
65565
32780
32785
131072
