1034
1037
1041
2069
2073
2078
3104
3109
4136
4141
4145
4611
6196
6200
7228
7233
9284
9291
9295
10322
11348
12377
13407
13409
13414
14442
14444
14448
15478
15481
16511
16514
16517
17547
17548
18578
18583
18586
19613
19616
19622
21674
21678
22704
23733
25784
25791
26817
26822
26826
29901
29907
30935
31960
32989
32993
32997
34026
34028
34032
35060
36091
38141
40194
41220
41224
43278
43280
43284
45339
45343
45344
48422
48425
50477
51504
51508
52536
54588
54593
54598
55625
56654
56657
56661
57691
58718
58721
58725
59754
59758
59760
60789
60794
61821
61826
63878
63881
63885
66962
66967
66969
67999
68001
69028
69035
69038
72112
73142
74169
74172
75201
75204
76233
76236
77267
78293
79323
79325
79330
82404
83435
83438
84464
85495
87545
87548
