2058
2061
2065
4117
4121
4126
6176
6181
8232
8237
8241
8192
12340
12344
14396
14401
18500
18507
18511
20562
22612
24665
26719
26721
26726
28778
28780
28784
30838
30841
32895
32898
32901
34955
34956
37010
37015
37018
39069
39072
39078
43178
43182
45232
47285
51384
51391
53441
53446
53450
59597
59603
61655
63704
65757
65761
65765
67818
67820
67824
69876
71931
76029
80130
82180
82184
86286
86288
86292
90395
90399
90400
96550
96553
100653
102704
102708
104760
108860
108865
108870
110921
112974
112977
112981
115035
117086
117089
117093
119146
119150
119152
121205
121210
123261
123266
127366
127369
127373
133522
133527
133529
135583
135585
137636
137643
137646
143792
145846
147897
147900
149953
149956
152009
152012
154067
156117
158171
158173
158178
164324
166379
166382
168432
170487
174585
174588
174595
176645
176651
176655
178704
178708
180762
182813
182817
184868
184874
184877
186928
193078
201273
201277
201282
203333
205385
205389
205393
209492
209499
211550
211555
213606
213608
215660
215664
217716
217720
217724
219776
219783
221833
221839
223890
223892
223896
225949
225954
225958
228009
228015
228017
234164
234171
234173
236227
236228
238281
238284
238288
240341
240347
240350
242400
244453
244457
248557
248561
250612
250619
252671
254721
256775
258827
258829
260881
262934
262939
262940
264995
264999
265000
267055
267057
267060
269112
271167
271168
273221
275273
275278
277330
279380
281435
281439
281441
283495
283499
283500
285554
287605
287610
287613
289666
291717
293770
293774
293776
295830
295833
295836
297889
297893
297896
299949
304050
306103
308154
308156
308162
312260
312266
312270
318418
318421
318424
320479
322531
322535
322536
324589
324595
328693
330746
330748
