1034
2069
2073
6196
13407
23733
13409
13414
25784
25791
48422
75201
75204
48425
76233
76236
6200
14442
26817
26822
50477
77267
26826
51504
78293
51508
79323
79325
79330
14444
14448
2078
7228
15478
29901
52536
29907
15481
30935
54588
54593
82404
54598
83435
83438
7233
16511
31960
55625
84464
16514
32989
56654
85495
56657
56661
87545
87548
32993
57691
32997
58718
58721
58725
16517
34026
59754
59758
59760
34028
60789
60794
34032
61821
61826
1037
3104
3109
9284
17547
35060
17548
36091
63878
63881
63885
9291
18578
18583
38141
18586
9295
19613
40194
19616
41220
66962
66967
66969
41224
67999
68001
19622
1041
4136
10322
4141
11348
21674
43278
69028
69035
69038
43280
43284
21678
4145
12377
22704
45339
72112
45343
73142
45344
74169
74172
4611
