65546
65548
65553
131092
131097
131101
262147
393248
393255
524331
524333
655408
720951
720952
786493
786498
786503
852041
917583
917585
917590
983129
983135
983139
1114213
1179752
1179759
1310833
1310837
1310843
1376380
1376384
1507461
1704074
1704079
1704083
1835158
1835161
1966236
1966242
1966246
2031787
2031790
2031795
2097332
2097338
2097342
2162883
2228420
2228425
2228431
2293969
2359508
2359513
2359516
2425059
2425060
2425065
2556142
2556147
2621686
2621690
2687230
2687232
2687238
2752779
2818317
2818322
2818327
2883866
2883871
2883873
2949413
3014953
3014959
3080499
3080501
3080505
3146045
3211585
3211588
3277131
3408207
3408211
3473749
3473754
3604829
3604833
3604838
3670379
3670381
3670386
3801463
3867002
3867007
3867009
3932550
3932554
3998094
4129170
4129172
4391320
4456861
4456866
4456871
4587944
4587951
4653489
4653494
4653498
4719036
4850113
4915652
4915658
4981197
4981202
4981205
5046745
5046748
5046752
5112295
5177835
5243374
5243378
5243383
5308923
5308924
5440003
5440006
5440010
5505550
5505552
5571092
5702171
5702175
5702179
5767716
5767720
5767726
5833267
5833269
5898808
5898814
5898818
5964359
6029899
6029903
6160978
6292052
6292057
6357599
6423136
6423140
6488683
6488687
6685296
6750838
6750841
6816383
6947459
6947460
7013003
7013006
7013011
7078551
7078552
7078559
7144098
7144100
7144105
7275181
7275184
7340724
7537339
7537343
7537344
7602885
7602889
7602893
7668435
7668439
7799515
7865054
7865058
7865060
7930601
7930607
7996147
8061684
8061689
8127230
8127232
8127238
8192777
8258317
8258323
8323861
8323866
8323871
8520483
8520484
8520488
8586030
8586033
8717110
8717115
8782652
8782656
8782663
8848200
8848205
8848210
8913749
8979289
9044831
9044833
9110375
9110377
9241454
9438067
9438070
9438074
9634685
9634690
9700231
9700233
9700239
9765776
9831318
9896857
9962398
9962400
9962407
10027944
10224559
10224563
10224567
10421177
10486716
10486721
10552263
10617800
10748877
10814418
10814422
10879961
10879964
10945505
10945510
11011049
11076589
11142128
11142135
11142136
11273214
11337729
11337735
11468809
11534348
11599891
11599895
11599898
11665436
11665443
11665445
11862057
11862063
11927603
11927604
11993147
11993151
11993155
12058695
12058697
12058700
12124243
12124246
12189786
12189788
12189794
12255332
12386411
12386415
12451954
12451959
12517499
12648575
12714114
12714119
12714123
12779661
12845202
12845207
12976283
13107358
13172899
13172902
13172907
13369519
13369520
13435060
13697208
13697213
13697218
13828294
13828296
13828302
13893841
13959382
14024921
14024927
14024929
14221541
14287082
14287084
14418162
14483702
14483704
14614783
14614787
14614790
14680331
14680333
14680339
14745878
14745882
14745887
14811424
14876967
14876971
14876974
14942515
14942519
14942521
15008063
15204674
15204677
15335752
15335756
15401297
15401301
15466840
15466845
15466848
15532389
15532394
15663468
15663475
15729013
15729018
15794558
15794563
15925636
15991179
15991180
16056722
16056725
16056731
16122271
16187810
16187815
16187816
16253356
16318898
16318901
16318907
16384444
16384448
16449991
16515529
16515533
16515538
16581079
16646617
16646623
16646625
484
488
66028
66033
66039
459257
459261
524803
524805
524809
590350
590353
655894
655896
655902
721442
721446
852522
852525
918067
983606
983611
1049148
1114691
1114692
1114696
1180237
1245776
1376852
1376859
1376860
1442400
1442407
1573483
1573487
1639025
1639028
1639033
1704574
1704577
1770118
1901192
1966732
1966738
2032279
2032283
2032284
2097827
2163364
2228905
2228909
2228913
2294455
2294456
2294463
2360003
2360004
2425547
2556620
2556627
2687701
2687707
2687708
2753251
2818789
2884331
2884333
2949873
2949876
2949883
3015423
3015427
3080966
3080969
3080973
3146512
3212052
3212059
3212062
3277601
3277606
3343146
3343149
3343153
3408695
3408698
3474238
3670849
3670855
3670856
3736398
3801936
3801940
3867483
3867487
3933024
3933030
4064104
4260718
4326259
4326260
4653946
4719487
4719488
4785029
4785034
4850573
4850579
4850583
4916120
4916127
5047200
5047207
5047208
5112748
5112753
5112759
5309370
5374908
5374912
5374918
5440458
5440460
5440466
5571540
5571545
5637086
5637090
5637095
5702634
5768175
5833714
5899255
5899258
5964799
5963777
6094855
6225929
6225932
6225936
6422550
6553626
6553628
6619169
6619175
6750251
6750254
6815795
6815797
6815803
6946877
7012416
7077956
7077962
7143501
7274577
7274582
7405656
7536732
7536737
7602279
7602282
7733358
7798899
7864437
7864440
7929982
7929984
7929988
7995529
7995535
8061074
8126612
8126618
8323231
8454307
8585382
8585387
8716460
8716466
8782007
8847545
8913085
8978625
8978629
8978634
9109709
9109713
9175255
9240793
9240797
9306338
9306342
9371883
9371885
9371889
9502967
9502970
9502972
9568515
9568517
9634058
9634061
9634065
9699605
9765147
10092830
10092834
10092837
10158377
10223916
10289458
10289460
10355000
10355005
10355011
10551621
10682696
10682701
10748243
10748244
10748250
10879326
10879328
10944868
10944873
11075948
11141488
11141495
11141498
11207037
11207041
11272581
11272585
11272590
11469201
11469205
11600281
11600284
11600291
11731367
11731368
11796908
11796912
11796916
11862457
11927996
11928003
11928005
12059080
12059084
12059090
12124628
12124633
12124637
12386787
12452325
12452329
12452333
12517872
12517879
12648955
12648957
12845571
12845573
12976649
12976654
12976658
13042197
13042201
13107741
13107744
13173284
13238824
13238831
13369907
13369908
13435450
13500990
13500992
13566532
13566536
13566542
13632082
13697620
13697625
13763164
13763171
13894246
13894250
13894254
13959793
13959798
14025338
14025341
14090883
14090887
14090890
14156430
14287505
14353044
14418586
14418590
14418595
14484132
14484137
14484142
14615219
14615223
14615225
14680767
14746306
14746310
14811850
14877391
14942928
15008470
15008474
15008478
15205089
15336166
15467240
15467246
15663856
15663861
15729401
15729404
15794947
15794949
15794952
15926029
15926033
15926038
15991576
15991582
16057123
16057124
16122664
16384812
16384816
16384821
16515898
16515900
16712514
836
841
131916
262994
328532
328537
328540
394083
394085
656235
721774
721776
787318
852858
852862
918402
918406
918408
1049487
1049490
1049492
1115035
1115037
1180577
1180583
1180584
1246125
1311667
1442742
1508283
1508284
1508291
1573828
1573833
1573839
1639378
1639381
1770457
1770460
1836000
1836004
1901547
1901548
1967089
2032631
2032633
2098172
2097153
2097158
2228232
2228236
2293777
2424853
2424859
2424863
2490400
2490405
2490409
2555949
2555955
2621494
2621498
2621503
2687041
2687044
2687050
2752590
2818131
2818134
2818138
2883676
2949217
3014758
3014761
3211374
3211376
3211383
3276920
3276925
3342466
3342470
3408011
3539085
3604625
3670165
3670169
3670173
3735715
3735718
3801256
3801260
3866800
3866806
3932346
3932349
3997888
3997895
3997897
4063437
4063442
4128981
4194520
4260060
4260067
4260071
4325608
4325615
4325619
4587767
4653305
4653309
4653315
4718853
4718858
4849933
4915474
4915476
4981016
5046557
5046561
5046567
5112107
5177647
5177650
5243189
5308731
5308735
5308736
5374278
5505353
5570894
5570897
5636436
5767512
5767518
5898595
6029671
6029672
6095215
6095216
6160757
6160763
6160764
6226306
6226311
6291850
6291852
6488464
6488470
6619544
6619549
6619555
6750631
6816168
6816173
6947250
7012791
7012794
7012796
7078338
7143876
7143882
7143887
7274962
7274966
7340505
7340508
7340512
7406054
7537130
7602671
7602674
7668215
7668218
7668222
7733763
7733764
7799304
7799310
7864848
7864852
7995930
7995933
7995939
8127014
8127018
8192558
8192563
8192565
8258106
8323644
8323649
8454725
8454729
8454735
8520272
8520276
8585819
8651357
8716899
8782437
8782441
8847982
8847986
8847988
8913530
8913532
8979072
9044613
9044619
9110156
9110160
9175701
9175704
9241247
9241248
9372324
9437866
9503407
9700017
9700022
9765563
9765567
9831105
9831109
9896648
9896654
9962192
9962196
10027738
10027741
10027746
10093287
10093289
10158828
10158835
10224373
10224376
10224381
10289923
10289925
10289928
10355469
10355474
10486549
10486552
10683165
10683170
10683174
10748714
10814254
10879792
10945334
10945337
11010878
11010883
11076420
11141961
11141965
11141968
11273044
11273051
11338588
11338595
11338596
11469674
11469677
11535217
11535221
11535227
11731837
11797379
11797380
11797385
11862925
11862930
11862933
11928474
11928478
11928481
11994023
12059560
12059565
12190641
12256181
12256185
12256188
12387265
12583879
12714955
12714958
12846034
12846039
13108185
13108191
13108193
13173733
13173736
13173742
13370352
13370359
13370363
13435901
13565953
13631494
13631496
13959181
13959186
13959191
14090264
14090270
14155810
14155815
14155819
14221359
14221362
14221364
14352441
14352445
14417985
14483525
14549067
14549071
14549073
14614613
14614616
14680157
14680160
14680165
14745704
14876782
14876784
15138934
15138936
15138943
15204483
15204487
15204488
15335567
15401104
15401109
15466648
15532190
15532192
15532198
15663272
15663277
15663281
15728821
15794363
15794365
15794371
15859910
15925448
15925452
15990994
16122071
16122072
16187614
16318689
16384228
16384233
16384237
16449778
16449783
16449787
16515325
16515331
16580868
16580873
16580877
16646419
16711959
16711961
16711965
291
293
65833
65838
131378
131382
196923
196925
196929
262470
328010
328015
328019
393556
393562
393566
459107
459110
590184
590191
655729
655732
655739
721279
721280
786820
786824
852366
852371
917911
983451
983455
1180064
1245607
1245608
1311149
1311155
1311159
1442235
1442236
1442241
1507782
1507785
1573326
1638866
1704404
1704409
1704414
1769954
1769959
1769963
2032109
2097649
2228724
2294264
2294271
2359811
2359812
2359816
2490895
2490897
2490903
2556443
2556444
2621985
2621988
2687528
2687533
2687538
2753078
2818617
3015230
3015234
3146309
3146313
3146316
3277395
3277399
3408473
3474013
3474018
3474020
3539560
3605101
3670643
3670647
3736186
3736191
3736194
3801734
3801737
3801742
3867280
3932822
3932827
3998365
3998368
4063908
4063914
4063919
4129458
4129461
4195000
4457151
4588224
4588231
4588235
4719309
4719312
4719318
4784858
4784863
4850400
4850404
4850410
4915950
4915953
4981493
4981498
5112574
5112579
5112580
5243659
5243661
5309200
5309204
5374745
5374748
5374752
5440292
5505832
5505837
5505840
5571383
5571384
5571388
5702464
5702469
5702474
5833550
5833555
5833556
5899097
5899101
5899106
5964647
6095721
6095725
6095729
6161271
6161275
6226812
6226817
6357893
6357899
6357903
6488977
6488981
6488984
6554527
6554530
6554535
6620072
6685614
6685618
6685620
6751162
6816703
6947776
7013317
7144394
7144398
7275474
7275477
7275481
7341021
7341026
7406566
7472106
7537647
7537651
7537652
7603193
7668734
7667713
7733253
7733256
7798797
7798803
7798806
7864345
7864350
7929888
8060965
8060969
8060974
8126514
8126517
8192057
8192063
8192066
8257605
8257611
8323149
8323152
8323157
8519770
8519773
8519776
8585316
8650859
8716397
8913009
8913012
8913017
8978558
8978561
8978565
9109642
9109645
9175187
9175190
9175195
9240735
9240736
9306278
9306280
9371821
9371827
9371829
9437369
9437373
9568450
9568452
9699530
9699535
9699538
9765077
9765080
9765084
9830626
9896165
10027242
10027246
10092785
10158327
10158329
10158334
10223875
10354948
10420489
10420493
10420496
10617109
10617114
10617116
10682658
10813735
10813739
10813740
10879282
10944820
10944826
11010367
11075906
11141447
11141450
11206988
11206994
11272532
11338072
11469151
11469154
11534693
11534699
11534703
11731314
11731318
11731323
11796862
11796866
11862406
11862410
11993484
11993490
12059028
12059034
12124572
12190112
12255655
12255656
12452270
12517809
12583350
12648889
12714431
12714432
12714437
12779979
12779981
12779987
12845526
12845528
12845532
12911075
12911076
12911080
12976622
12976624
13042164
13107706
13107708
13107715
13173255
13238795
13238799
13435410
13435413
13500955
13500959
13632032
13632038
13632042
13697583
13697586
13697588
13763128
13763132
13763139
13828678
13894218
13959757
13959761
13959767
14025307
14025309
14025313
14090855
14156395
14221933
14221939
14287477
14287483
14287486
14353024
14353028
14353034
14418572
14418579
14418582
14484122
14484126
14549665
14549668
14615210
14680748
14746288
14811828
14811833
14811839
14942915
14942918
15008457
15008460
15074000
15074004
15074010
15139549
15139553
15139557
15205099
15205103
15336176
15532789
15663864
15663871
15663875
15860484
15926027
15991565
16057105
16057111
16057114
16122652
16122659
16188198
16188202
16319279
16319283
16450356
16450360
16515901
16515905
16581445
16581450
16646991
16646993
855
859
66397
66402
66406
197480
197485
197490
263029
328571
328575
328579
394119
459656
459661
459664
525206
656283
721821
721826
787367
787368
787374
852912
852916
918459
918463
918467
984004
1049545
1115085
1115091
1115095
1246168
1246172
1246176
1377255
1442795
1442797
1508337
1573876
1573880
1573886
1703937
1703941
1835019
1835021
1900561
1966101
1966106
1966109
2031651
2097191
2097195
2097197
2162738
2162742
2162744
2228284
2359363
2424902
2424904
2490446
2490450
2555989
2555995
2687069
2687075
2687079
2818154
2818157
2818162
2883702
2883705
2883709
2949251
2949254
3014795
3014799
3080338
3145879
3145881
3276957
3276961
3342502
3342504
3342510
3473585
3539124
3539130
3604669
3604673
3670215
3670217
3932366
3932370
3997911
3997912
4194527
4260064
4260070
4325611
4325612
4391155
4391156
4391160
4456703
4522243
4522247
4522249
4587789
4653329
4653332
4915482
4915487
4981024
4981029
4981033
5112111
5177649
5177653
5177657
5374268
5374275
5439815
5636427
5636429
5701968
5701975
5767513
5767519
5833058
5833060
5898602
5898606
5964146
5964148
6029688
6029692
6095232
6160775
6226315
6291854
6291858
6291860
6357401
6357406
6357408
6422951
6422952
6422959
6488499
6554037
6619578
6619583
6619587
6685127
6685130
6685132
6750675
6816215
6816216
6816223
6947297
7012837
7012841
7012844
7078387
7078388
7078393
7275005
7275011
7275015
7340555
7406095
7406099
7471636
7537176
7537183
7668258
7733796
7733800
7733806
7864882
7930421
7930424
7995965
8061504
8061510
8127050
8127054
8192595
8192599
8258136
8258142
8258145
8323686
8454762
8454765
8585840
8651383
8651387
8716925
8782466
8848005
8848008
8913550
8913554
8913559
8979097
9044639
9110177
9110180
9175722
9175724
9175730
9241268
9241275
9372351
9372354
9437892
9437896
9437900
9503440
9503445
9568986
9634524
9700066
9831142
9831144
9831149
9962227
10027766
10093307
10093308
10093315
10158855
10224394
10224397
10224402
10289941
10421019
10421023
10486561
10486564
10486568
10552110
10552115
10552118
10617659
10617663
10683202
10683206
10683211
10748748
10748755
10814295
10945368
10945373
11076449
11141989
11141995
11338604
11338611
11338615
11469688
11469694
11469697
11535236
11535242
11600780
11666323
11731863
11731866
11797406
11797411
11862951
11994024
11994031
11994034
12059575
12059577
12125119
12125122
12190662
12190667
12256204
12387283
12387284
12387288
12452830
12452833
12518372
12518376
12518383
12583920
12649460
12649466
12649471
12779521
12779524
12779531
12845069
12845074
12845076
12910619
12910620
12910625
12976165
12976169
12976175
13041713
13041719
13041723
13172798
13172800
13172806
13238345
13238351
13238352
13369429
13434969
13434974
13566051
13566054
13697129
13762669
13828210
13893748
13893753
13893756
14024833
14090372
14090377
14090382
14155922
14155924
14221464
14287006
14287009
14418086
14483624
14483631
14483635
14549175
14614715
14811325
14811328
14876869
14876875
15073485
15073490
15073492
15139032
15139037
15139041
15204583
15335656
15401198
15401202
15466740
15466746
15532284
15532291
15532295
15663368
15663373
15663379
15728919
15728923
15728927
15860002
15925543
15925547
15925549
16056625
16056630
16122169
16122174
16122176
16187716
16187723
16253263
16253266
16253271
16318811
16318815
16318817
16384359
16449897
16449902
16515443
16515446
16580984
16646527
16646530
16646533
16712073
397
401
65941
131480
197023
197025
262567
262568
328111
328112
328117
393659
393663
459202
524742
524744
590287
590291
655829
655832
721373
721378
721382
852458
852462
918001
983540
983547
983550
1049091
1049094
1114635
1180175
1180176
1245719
1245721
1245726
1311265
1311270
1376810
1376813
1442353
1638966
1638971
1638975
1704513
1770055
1901131
1901135
1966673
1966679
2097754
2097758
2163296
2163301
2163305
2294380
2359921
2359926
2359931
2491004
2491008
2556551
2556554
2622093
2622097
2622100
2687640
2687645
2687649
2818724
2884266
2884269
3015347
3015351
3080888
3146431
3211969
3277511
3277515
3277519
3343056
3408599
3408602
3408606
3539680
3539687
3539689
3605230
3605233
3605238
3670777
3670781
3736323
3801863
3867402
3867406
3867411
3932948
3932952
3998495
4064032
4129574
4195114
4260653
4260659
4260663
4326202
4326205
4326211
4391750
4391752
4391757
4457297
4522839
4522842
4522846
4588385
4588388
4785002
4785004
4850547
4850550
4916088
4916093
5112707
5112710
5112712
5178254
5243794
5309332
5309337
5440412
5440419
5505959
5571496
5637036
5702579
5768118
5768122
5768127
5833665
5899205
5964746
5964751
5964755
6095830
6095832
6292444
6357987
6357989
6423529
6423532
6489075
6489076
6620152
6685692
6684673
6750212
6815754
6815757
6946835
7012374
7077915
7077916
7143456
7143463
7274539
7274542
7274545
7340085
7405627
7405628
7471169
7667783
7667785
7667788
7733330
7733332
7733339
7798878
7864418
7929957
7929961
7929964
7995507
8061047
8126586
8126591
8192131
8323205
8323210
8388748
8454289
8454292
8454299
8519839
8519842
8650918
8650920
8781999
8782000
8782006
8978617
8978621
8978627
9044164
9044170
9044172
9109715
9109718
9109723
9240799
9240803
9240804
9306346
9306351
9437425
9502964
9568504
9568509
9568515
9634054
9699592
9699598
9830672
9830678
9896216
9896222
9896225
9961765
9961769
9961772
10092849
10092855
10158392
10158396
10223937
10289476
10289480
10289484
10355024
10355031
10355033
10420572
10420576
10486118
10551656
10551662
10551664
10617205
10748280
10813822
10813824
10813830
10944906
11010447
11010448
11075990
11141530
11141532
11207073
11207079
11272616
11272620
11272626
11338164
11469241
11469247
11469249
11534788
11600331
11665871
11731411
11796951
11862488
11862492
11862499
11928039
12059115
12124655
12124656
12124661
12190201
12190207
12190211
12386822
12386826
12452367
12452370
12452374
12583450
12714526
12780067
12780068
12780073
12911151
12911153
12911159
12976698
13042237
13107778
13173319
13238859
13369933
13369939
13435478
13435480
13501022
13501024
13632100
13763176
13763180
13763185
13828724
13828728
13959806
14090882
14090884
14353035
14418575
14418576
14418581
14680731
14680734
14811810
14811812
14877354
14877358
14877361
14942902
14942905
14942911
15008448
15073989
15073993
15139534
15139537
15139541
15205081
15205085
15205089
15467236
15532778
15729388
15729392
15794934
15860475
15926013
15926019
15991558
15991562
15991566
16057104
16122647
16122649
16122654
16188194
16188196
16188201
16253743
16253746
16253748
16384826
16384831
16450371
16515911
16515912
16581454
16712531
16712535
16712536
862
864
871
66409
66415
131952
131956
197496
197500
263041
263047
328585
328588
459666
459668
459672
525213
525216
721831
721832
721836
787377
852917
852923
852927
918464
918471
918472
984014
1049555
1049556
1049560
1311711
1311712
1311718
1377258
1377262
1377265
1442805
1442810
1442813
1507329
1507335
1572874
1572877
1638416
1638421
1703960
1703967
1703970
1769509
1769514
1835053
1835057
1900598
1900602
1900606
1966146
2031687
2031690
2031693
2162768
2162772
2228313
2228319
2228322
2293860
2293864
2293868
2359408
2359413
2424954
2490494
2490497
2556039
2621576
2621582
2687120
2687125
2687130
2818205
2818210
2818214
2883752
2949292
2949298
3014838
3014842
3080380
3211457
3276998
3277000
3277007
3408083
3408084
3408091
3473630
3473632
3473637
3539179
3539181
3539187
3670260
3735803
3735806
3801347
3866886
3866891
3932430
3932433
4063508
4063513
4129054
4129059
4129063
4194600
4260143
4391216
4391221
4456763
4456766
4522306
4522309
4522312
4653389
4653394
4718935
4915547
4915548
4981088
5112165
5177707
5177709
5177712
5243255
5243256
5308797
5374338
5374340
5439880
5439885
5505427
5505431
5505433
5570974
5636514
5636519
5636520
5767597
6029744
6029751
6095290
6095295
6095296
6160839
6160842
6160846
6291923
6291925
6291928
6357470
6357473
6423012
6554088
6554093
6619635
6619637
6685176
6685180
6750723
6816261
7012874
7012879
7012883
7078420
7406107
7406109
7406113
7471654
7471659
7537198
7537201
7537205
7602746
7602751
7602755
7668292
7668296
7799374
7799377
7864918
7995994
7995999
8127075
8127079
8258155
8323692
8323698
8323702
8389240
8454781
8520320
8520326
8520329
8651405
8651408
8848021
8848025
8913564
8979106
9044644
9110186
9110190
9110195
9175733
9241275
9241278
9241283
9372356
9372360
9437901
9437905
9503447
9503449
9503455
9568995
9634533
9634539
9765614
9896691
9896694
9962234
10027774
10027779
10027782
10093321
10158862
10158866
10158870
10224409
10224413
10224417
10355494
10355499
10421038
10486578
10486581
10486585
10552125
10552128
10617671
10683209
10683215
10748754
10748759
10748762
10879838
10879840
10879846
10945384
11010927
11076465
11142006
11142009
11273087
11273091
11338629
11338635
11338638
11469713
11469717
11469723
11600798
11600800
11666343
11731880
11731885
11731891
11797429
11862969
11862975
11928515
12059590
12256203
12256205
12256211
12387286
12387288
12518365
12583906
12649447
12649451
12714988
12714992
12714997
12780537
12780542
12910593
12910599
12910601
12976141
12976145
13041684
13041689
13041695
13107233
13172775
13172776
13172783
13238321
13238327
13238329
13369404
13369411
13369412
13434954
13434958
13566035
13566036
13566043
13631583
13631585
13631591
13697131
13697135
13762672
13828215
13828218
13828221
13893763
13893765
13959306
13959308
14024851
14024854
14024857
14090398
14155939
14155942
14221480
14221485
14221488
14287029
14287035
14287036
14352576
14352581
14352587
14418126
14483667
14483670
14549211
14549212
14549218
14745830
14745832
14745839
14811378
14876917
14942457
15007999
15008003
15008005
15073547
15073550
15139090
15139095
15139098
15204637
15204642
15401253
15401258
15532333
15532336
15532342
15728955
15794492
15860035
15860037
15991113
15991118
15991121
16056662
16056665
16056669
16253283
16253284
16253290
16318829
16384369
16384373
16384377
16515452
16515456
16646533
393
399
402
65940
65944
65951
197026
197031
262569
262573
262578
328118
328123
393663
459203
524741
524744
524749
590288
590294
655832
655836
721378
721381
721385
786926
786929
852469
852474
852476
918018
1114629
1114633
1180175
1180176
1376791
1376795
1376796
1442336
1442340
1507881
1704492
1704496
1770038
1770041
1770045
2032192
2032196
2032201
2097743
2097744
2163286
2163288
2228831
2228835
2294374
2425450
2425455
2425459
2490996
2556536
2687612
2687618
2687623
2818698
2949775
3015315
3015318
3080856
3080861
3211939
3211940
3277482
3277487
3277488
3343029
3343032
3343038
3408578
3408582
3474122
3474124
3605201
3670740
3736281
3736285
3801824
3801830
3867368
3932911
3998450
3998455
3998456
4063999
4064003
4064005
4195081
4260622
4260627
4326164
4391706
4391709
4457251
4457252
4522793
4522797
4588338
4719415
4719416
4784959
4784961
4850500
4850505
4916045
4916048
4981590
4981592
5112671
5112675
5112677
5178219
5178223
5243761
5243764
5243769
5309309
5309313
5309318
5374856
5440396
5440400
5440406
5571481
5571484
5637024
5637031
5702569
5702574
5702576
5768116
5768122
5768127
5833666
5833668
5833673
5899212
5899216
5964759
6161371
6161375
6226915
6226916
6226920
6292461
6358003
6423541
6489083
6489087
6684672
6750214
6815753
6815757
6815763
7012375
7143450
7143454
7143459
7340069
7340074
7340078
7405616
7405620
7405625
7471166
7471168
7536708
7536715
7602255
7602257
7602260
7667801
7798879
7798880
7798886
7929962
7995503
7995505
7995509
8061051
8061052
8061057
8126598
8126603
8257678
8257682
8323223
8388760
8454300
8454307
8585382
8585384
8585389
8650929
8650932
8650937
8782012
8782019
8913092
8978634
8978638
8978643
9044183
9044187
9044191
9109731
9109735
9109737
9175276
9175281
9240821
9240827
9240828
9306371
9306373
9371914
9437454
9437459
9437462
9503003
9503004
9634080
9634087
9634088
9699628
9765168
9765175
9830714
9830718
9830720
9896262
9961802
9961807
10027347
10027350
10223963
10289501
10355043
10420583
10486121
10551661
10551666
10682743
10682745
10682751
10748290
10748295
10813835
10813837
10879378
10879380
10879387
10944924
11076003
11141543
11141545
11207086
11207091
11272630
11338169
11338175
11534786
11534788
11534795
11600332
11600336
11665876
11665883
11731423
11731424
11862502
11928043
11928044
11993584
12059125
12124664
12190205
12255746
12255748
12255753
12321292
12321297
12321302
12386840
12452380
12452386
12517926
12517931
12517935
12583472
12649015
12649016
12649023
12780097
12780101
12911177
12911180
13042258
13107798
13107801
13173340
13238882
13435493
13435497
13435503
13501043
13501047
13566585
13697663
13828736
13828741
13828744
13894285
13894290
13894295
13959835
13959838
14025379
14156452
14156458
14156460
14222002
14222004
14287545
14287550
14418625
14418629
14418633
14484175
14484177
14484182
14549721
14549724
14615266
14615271
14615273
14680813
14680816
14746359
14746362
14746364
14877443
14877445
15008520
15074062
15139600
15139607
15139611
15205148
15467297
15467302
15467307
15532847
15532850
15794996
15795000
15860541
15860546
15926084
15926090
15926094
15991634
15991638
16057177
16057183
16188259
16253796
16253803
16319342
16319346
16384887
16384889
16384892
16450435
16450436
16450442
16515982
16515987
16581527
16581528
16581533
16647073
16647079
16712617
942
946
951
66491
132031
197569
263111
263112
263119
328656
328661
394203
394206
394209
459749
459753
459759
721905
721910
721913
787452
786432
786438
851977
851982
851984
917525
917531
917533
983074
983079
1048616
1048620
1114160
1179702
1245240
1310780
1310785
1572933
1638475
1638476
1638483
1704023
1835098
1835100
1900640
1900645
1966185
1966191
1966194
2031732
2031739
2162815
2228355
2228356
2293897
2293900
2359442
2359447
2359450
2424989
2490531
2556070
2621608
2621614
2621619
2687159
2687162
2687164
2818242
2818246
2818248
2883789
2883795
2949333
2949339
2949341
3014880
3014884
3080426
3080430
3145968
3145973
3145978
3211517
3211523
3342596
3408138
3408142
3604753
3604757
3670299
3735836
3735843
3735845
3801386
3801391
3801395
3932469
3998009
3998012
4129089
4194630
4194634
4325708
4325713
4325718
4391256
4391261
4456802
4456806
4456808
4522348
4522355
4587894
4587897
4587902
4653440
4653444
4718985
4718991
4915601
4915605
4981146
4981150
5046691
5112231
5308841
5308847
5374385
5374389
5374394
5505471
5505473
5571014
5571017
5571023
5702096
5833174
5833179
5898717
5964257
5964263
6029800
6029806
6095347
6160886
6226427
6226430
6226434
6291972
6291976
6291980
6357522
6488597
6488601
6488607
6554145
6554148
6554153
6619694
6619696
6685236
6750776
6816317
6816322
7078469
7078474
7078477
7144016
7209557
7275099
7340636
7340642
7471716
7471720
7602799
7602800
7668341
7668345
7668350
7733890
7799430
7799433
7799439
7930513
7930516
8061594
8061596
8127136
8127140
8192682
8192684
8192688
8258231
8258235
8258238
8323776
8323783
8389323
8520398
8520401
8585940
8585945
8585950
8651491
8651492
8651498
8848111
8848115
8913655
8913657
8979197
9044739
9110276
9110280
9110286
9175825
9175830
9175832
9241375
9241376
9241380
9372457
9372462
9372465
9569077
9569083
9634623
9634627
9634629
9700170
9700175
9700176
9765718
9765723
9831260
10027874
10093415
10093418
10158958
10224499
10224501
10290042
10290047
10355585
10486661
10486667
10486668
10552210
10617751
10617755
10617758
10683297
10879911
10879913
10945455
11010992
11010998
11076537
11142079
11207616
11535301
11535307
11600847
11600848
11666391
11666395
11797468
11797474
11797478
11928554
11928557
11994096
11994102
12125176
12125181
12189696
12255237
12255240
12320782
12320785
12320788
12451867
12451869
12451872
12582949
12582954
12648495
12714032
12779575
12845115
12910654
12910658
12976197
13041736
13041742
13041745
13107287
13107288
13107292
13172835
13172836
13172840
13238382
13238387
13238390
13369467
13435005
13435009
13435013
13566090
13566094
13566097
13631636
13697177
13697182
13697184
13762726
13762728
13959343
13959345
13959351
14090427
14090428
14090433
14155973
14221515
14287052
14352592
14549207
14614747
14614751
14745826
14745829
14942443
14942447
15007986
15007989
15007992
15073533
15139075
15139076
15139082
15204622
15204626
15204631
15401240
15401247
15401249
15466791
15466792
15597869
15663411
15794486
15794489
15860030
15860034
15925575
15925579
15991117
15991123
16056662
16122202
16187742
16187746
16253285
16253291
16318828
16318835
16318836
16449914
16449917
16515458
16515462
16581002
16581005
16646544
16646550
16646552
16712095
16712096
16712103
425
431
435
65972
65979
131518
131523
197061
262600
262606
262608
328148
328155
459231
590307
590308
655849
721391
721393
721398
852473
852479
852482
918023
1049096
1049100
1049104
1114644
1114650
1114654
1180195
1180198
1180203
1245740
1245747
1311286
1311291
1311295
1376834
1442374
1442378
1442382
1507922
1507925
1507929
1573468
1573473
1573479
1639019
1639022
1770097
1835639
1835641
1835645
1901184
1901188
1901195
1966733
1966736
2032276
2032281
2097821
2097824
2163364
2228906
2359981
2425522
2425526
2425528
2556606
2622147
2622150
2687690
2687693
2687698
2753238
2753240
2753245
2818785
2818789
2884331
2949868
3015410
3015415
3080955
3080958
3146499
3146500
3212043
3212046
3212050
3408661
3474201
3474207
3474210
3539750
3605291
3605293
3867441
3867446
3867450
3932989
3998528
3998533
4064075
4129612
4129618
4129622
4195161
4195164
4260705
4391782
4457321
4457326
4457328
4522871
4522874
4719486
4719491
4719495
4785033
4785038
4850578
4916116
4916122
4981660
4981666
4981671
5047209
5112751
5112753
5112758
5178298
5178302
5243843
5374916
5505993
5505998
5506000
5571541
5571547
5571551
5637091
5637095
5637099
5768174
5768179
5833718
5964794
5964798
5963776
6029317
6029320
6029326
6094866
6094871
6094872
6225948
6225954
6291495
6422568
6422574
6422579
6488116
6553659
6684732
6815811
7012422
7012425
7077967
7077971
7143511
7143514
7143517
7209059
7274599
7340139
7471214
7471219
7471220
7536763
7536764
7536771
7602311
7667848
7667852
7733392
7930005
7930008
7930012
7995552
8061094
8061096
8126639
8126642
8192182
8192185
8323260
8323264
8323271
8388809
8454351
8519888
8519893
8519898
8585438
8585443
8585446
8716520
8716525
8716529
8782070
8913146
8913150
8913155
8978695
8978697
8978702
9044243
9044246
9109785
9109791
9109792
9240869
9240874
9240876
9306419
9306423
9371960
9371967
9437507
9503047
9503051
9503055
9765201
9765205
9765208
9896286
9896289
9961828
9961834
10092911
10158448
10158454
10289530
10289532
10289536
10420615
10420616
10420620
10486163
10617239
10617243
10617245
10682784
10682791
10682793
10748332
10748336
10813879
10879417
10879422
10944962
11010503
11076042
11141581
11207120
11207126
11207131
11272670
11272672
11272677
11338218
11338221
11534832
11534838
11600379
11600380
11600386
11665927
11665928
11731468
11731473
11731478
11797019
11797022
11797026
11862564
11862569
11928111
11928115
11928119
11993658
11993660
11993667
12124742
12124747
12124751
12190288
12190293
12255835
12321373
12321376
12321382
12386922
12386926
12386930
12518005
12583546
12583548
12649090
12649093
12714633
12714636
12714640
12780181
12845723
12911262
12911265
12976804
12976810
12976813
13042355
13107894
13107897
13107902
13173442
13304516
13370057
13370061
13435602
13435607
13435608
13501151
13501154
13566694
13566696
13632238
13632240
13697780
13697785
13894399
13894403
14025479
14025483
14091022
14091024
14156567
14156569
14156574
14287649
14287652
14287657
14353199
14353201
14418740
14418746
14484286
14615361
14615366
14680904
14680909
14746449
14746453
14811995
14811996
14812001
14877541
14877544
15139693
15139696
15205237
15205242
15401853
15467393
15532932
15532939
15598477
15664017
15729557
15729561
15729565
15795106
15795111
15795113
15860652
15860659
15860661
15991739
16122814
16122818
16188358
16188360
16188365
16253904
16253910
16384987
16450525
16516065
16516068
16581608
16581612
1009
1014
1016
132094
131072
131076
327691
393230
393235
458774
458777
524316
655393
655397
655402
720940
720947
720949
786490
917565
917568
917574
983113
983116
983122
1114199
1114200
1179741
1245282
1245286
1310826
1376366
1376368
1441910
1507448
1507455
1572993
1638532
1704073
1704079
1704083
1769622
1769627
1769629
1835169
1966246
2031784
2293932
2556080
2687157
2687162
2687164
2752707
2752710
2752712
2949326
2949328
2949334
3014874
3014876
3080417
3080423
3080425
3145967
3211504
3211510
3211512
3342591
3342595
3473671
3473673
3539215
3604752
3604757
3604762
3735838
3801378
3866919
3866920
3932462
3998002
4063540
4063547
4194621
4194624
4260164
4260168
4260172
4325712
4391253
4456794
4456799
4456801
4522343
4522345
4587887
4587889
4653429
4850042
4850046
4850050
4915589
4915593
4915598
5046674
5112215
5177754
5243294
5243296
5243303
5308841
5308844
5308850
5374391
5374394
5374398
5439937
5505478
5636553
5702092
5702097
5702103
5898715
5898716
5898722
6029798
6160875
6160879
6160883
6226422
6291962
6291965
6291970
6423046
6423051
6423052
6488594
6488597
6619672
6816285
6816288
6816294
7143979
7209518
7275059
7406132
7471674
7471678
7471680
7537223
7602763
7668300
7733843
7733845
7799385
7864925
7864928
7864933
7996010
8061549
8127090
8127092
8192634
8258175
8323712
8389255
8454794
8454798
8454803
8585878
8585882
8716956
8716961
8716964
8782506
8782510
8782513
8848053
8913595
8913598
8913601
8979143
9110219
9110220
9110226
9175765
9437912
9437917
9503459
9568999
9569002
9700076
9831155
9831156
9831160
9896700
9962243
9962247
9962251
10027791
10027793
10027798
10158874
10158878
10158883
10224422
10224427
10289966
10355504
10355509
10355513
10421052
10421058
10421062
10617672
10617678
10748755
10814293
10814297
10814301
10879840
10945380
11076459
11141997
11207537
11273076
11273083
11469692
11535235
11600774
11600776
11600783
11666320
11666326
11731867
11731871
11797411
11797415
11862953
11928493
11928497
11928500
12190648
12190654
12190657
12321733
12321738
12321740
12387281
12387284
12452827
12518367
12518370
12518373
12583913
12583917
12649456
12649463
12649467
12780543
12845056
12845060
12910603
12910606
12976145
13041684
13041690
13172767
13172771
13172775
13238312
13238319
13303859
13369399
13369401
13369407
13434945
13434951
13434954
13631565
13631568
13631574
13762650
13762653
13762658
13828197
13893737
13893741
13893745
13959285
14024824
14090366
14221443
14221446
14221451
14286989
14286994
14352534
14352538
14352542
14483617
14483622
14483624
14549164
14549170
14549173
14614715
14680252
14745794
14811332
14811338
14876877
14876880
14876884
14942426
14942430
14942434
15007972
15007978
15139052
15139058
15204598
15335675
15335676
15335683
15401222
15401224
15401231
15597841
15663380
15728923
15728925
15794464
15794469
15794474
15860013
15860018
15860022
15925563
15925567
15925569
15991108
16056648
16056653
16122194
16122197
16187736
16187743
16187744
16253286
16318824
16384367
16384369
16515447
16515451
16580989
16646528
16712070
395
396
402
65940
131481
328095
393633
393639
393641
524717
524720
590262
590267
655806
721344
721348
721352
786892
917969
983509
1049050
1245663
1245667
1245671
1311208
1311212
1376754
1376759
1507832
1573374
1573378
1704454
1835531
1835532
1835539
1901076
2097688
2097693
2097699
2294308
2294313
2294316
2359859
2359861
2425401
2425404
2490945
2490951
2490952
2556494
2622033
2622036
2622043
2687581
2687587
2687588
2753129
2753133
2753139
2818678
2818682
2884221
2884226
2884228
2949768
3015308
3015314
3080855
3080857
3080861
3277473
3343012
3539626
3539631
3736243
3736244
3801784
3867326
3932864
4063941
4063946
4063951
4129490
4195031
4195032
4326108
4326113
4326116
4522731
4588269
4588274
4588276
4653818
4653820
4653827
4784902
4784906
4850447
4915986
4915989
4915995
4981533
5047074
5112612
5112617
5112620
5178160
5178166
5178168
5309246
5374787
5374791
5440329
5505871
5505873
5571413
5702491
5702493
5768032
5833575
5833578
5833581
5899122
5899126
5964667
6030207
6030209
6030215
6095754
6161293
6161299
6226838
6292378
6292380
6357923
6357927
6357929
6423469
6423475
6554551
6554554
6620094
6620096
6620103
6816713
6816719
6947793
6947798
6947802
7013342
7013344
7078886
7078890
7078895
7144435
7144439
7144441
7209980
7274496
7274503
7405578
7471118
7471122
7471127
7733275
7733278
7798818
7798821
7864362
7864366
7864370
7929908
7995449
7995453
8126530
8126535
8257610
8257614
8323154
8323158
8388699
8388702
8519777
8585316
8585320
8716397
8716401
8716407
8847480
8847485
8847489
8978567
8978569
8978575
9044113
9044119
9109657
9109660
9109666
9175206
9175208
9306285
9306288
9371828
9371833
9502908
9502913
9502919
9568457
9633996
9699536
9699542
9699546
9765085
9830624
9961701
10027243
10027246
10092785
10092790
10092793
10289405
10289411
10354950
10354952
10420495
10420499
10486038
10486043
10551581
10551587
10551591
10617128
10682668
10682674
10748215
10748218
10748221
10813762
10879301
10944841
11010382
11010384
11075925
11141465
11207007
11207011
11207013
11272555
11338094
11338098
11338101
11469179
11665788
11665794
11665796
11796872
11796878
11993489
12059029
12059032
12059037
12124577
12255655
12255657
12255662
12321201
12321205
12321208
12386750
12386755
12452295
12452298
12583375
12583377
12648919
12714458
12845533
12845537
12911076
12976617
12976622
13107696
13173239
13304314
13435391
13435394
13435397
13500938
13500940
13566480
13566487
13697561
13697564
13697569
13763110
13828651
13828655
13894194
13959735
14025272
14025278
14025282
14090820
14090825
14090831
14156371
14156372
14221912
14221918
14287459
14418535
14418536
14549613
14549616
14680692
14680699
14680700
14746240
14811782
14877321
14942862
15073937
15073940
15073944
15139487
15139490
15205028
15205035
15205039
15336112
15336119
15336121
15401661
15467202
15467204
15467208
15532750
15532754
15532757
15598296
15663838
15663842
15729381
15860456
15860463
15860464
15926005
16057080
16122621
16122627
16122630
16253706
16319247
16319251
16384788
16384792
16384796
16450336
16450342
16450347
16515887
16515888
16646967
16646968
16712508
16712512
16712519
66377
66380
66387
131925
131928
263005
328547
394086
459625
459628
525170
525172
656251
656254
656259
721797
721803
721807
787346
787351
918425
918429
918432
983975
983977
983982
1049520
1049527
1115067
1115070
1115075
1180614
1180619
1246158
1246161
1246164
1377242
1377244
1377249
1442791
1442795
1639405
1639410
1639415
1770491
1836029
1900544
1900551
1900554
1966094
1966099
1966102
2097176
2162718
2162720
2162727
2228264
2228268
2228274
2293813
2490424
2490431
2490435
2555972
2621515
2621519
2687056
2687062
2687065
2752606
2752609
2752615
2883691
2883693
3014770
3014773
3080313
3080316
3080323
3145861
3145866
3145869
3276945
3408020
3408027
3408029
3473570
3473574
3473577
3539118
3539121
3604663
3670202
3670207
3670208
3735749
3735752
3735756
3801297
3801300
3866842
3932383
3997921
3997926
3997928
4129004
4129008
4129015
4194555
4194558
4260099
4260101
4522251
4587791
4653328
4718869
4849944
4849948
4849953
4915493
4915498
4915502
4981042
4981044
5046585
5046591
5112130
5177670
5177674
5243215
5439826
5439828
5505371
5505372
5505379
5570916
5570922
5636462
5636467
5702007
5767547
5767551
5767552
5833093
5833098
5964172
5964176
5964182
6029723
6095262
6095266
6160807
6357417
6357422
6357427
6422964
6488506
6488510
6619586
6685125
6685129
6685134
6816209
6947285
6947290
6947295
7078370
7078374
7143914
7143916
7209459
7274999
7275001
7340540
7340546
7340549
7406090
7406092
7471634
7471637
7471642
7537183
7537187
7537188
7668265
7668270
7733810
7733812
7733816
7799356
7799363
7799364
7864905
7864908
7864913
7930452
7930458
7995998
7996002
7996006
8061547
8061548
8061552
8127094
8127099
8258175
8258178
8258183
8323723
8323724
8323728
8389268
8389275
8454812
8454818
8520356
8520363
8520364
8585906
8651447
8716987
8716989
8716993
8782534
8782539
8848077
8913619
8979158
9110232
9110236
9110240
9175782
9175785
9175788
9372403
9437941
9503483
9503486
9569027
9569029
9569033
9634575
9634576
9765654
9896729
9896732
9896739
9962276
9962281
9962286
10027827
10093365
10093371
10158910
10224449
10224452
10289994
10289998
10290001
10355540
10421082
10552158
10552163
10552166
10683240
10683244
10683251
10748790
10748792
10814332
10814337
10814342
10879881
11010957
11076498
11142036
11207576
11338655
11469728
11469735
11535273
11535279
11535282
11666358
11666360
11666366
11731906
11731908
11731914
11797453
11862993
11862997
11863002
11928543
11994083
12059620
12059625
12059630
12125168
12125175
12190714
12256254
12255232
12320775
12320778
12320782
12386320
12451861
12451864
12451869
12517411
12582949
12582954
12648495
12648498
12714038
12714043
12845117
12845120
12845124
12910667
13041740
13041746
13107286
13172827
13172830
13172832
13238374
13238378
13303916
13369459
13566071
13631609
13631615
13697153
13762694
13762696
13762703
13828240
13828245
13893786
13893791
13959331
13959334
14024873
14024878
14090419
14090422
14221499
14352575
14483651
14549188
14680266
14811343
14876881
14876885
15007961
15007966
15073507
15073511
15073513
15139053
15139058
15204599
15204602
15335679
15335682
15335685
15401227
15401231
15401233
15466772
15466777
15532319
15597856
15663399
15663400
15991085
15991089
15991093
16122169
16122173
16122179
16187718
16253258
16318796
16318800
16318804
16384345
16384348
16384354
16449895
16449898
16515438
16580979
16580982
16580984
16646526
16646530
16646535
131464
131470
131475
197014
197017
197023
262562
393639
393641
524719
524721
524724
590267
590270
655809
721348
721355
721357
786897
786902
786906
917982
983523
983527
1049067
1049069
1049074
1114615
1311227
1442300
1507842
1507844
1573385
1573389
1638931
1638932
1704475
1704479
1704482
1770022
1770027
1835564
1835570
1835573
1966651
1966654
2032192
2032197
2032202
2097741
2097747
2097748
2163288
2163295
2163298
2228837
2228842
2294380
2294385
2359925
2359931
2359934
2425472
2425477
2491016
2491022
2687635
2687637
2687642
2753181
2753187
2818724
2818731
2884269
2949808
2949814
3015352
3015357
3146432
3146437
3146441
3211980
3277523
3343060
3343067
3408607
3408609
3408615
3474154
3474158
3539698
3539701
3539705
3605247
3605250
3670789
3670793
3670799
3801874
3801877
3801882
3932959
3998497
3998502
3998507
4064044
4195123
4195126
4260666
4260668
4260674
4326212
4457290
4522831
4588371
4588372
4653912
4653918
4653922
4719461
4719467
4785007
4785008
4850549
4916088
4916095
4916099
4981636
4981642
4981647
5047185
5047189
5112731
5112732
5112736
5243815
5243817
5309359
5309360
5374901
5374906
5440446
5440449
5440455
5505993
5571533
5571537
5637079
5768154
5833693
5899232
5899237
5899242
6030316
6030323
6030324
6226936
6226943
6225920
6291462
6291465
6357007
6357009
6488087
6488089
6488092
6553633
6553639
6553640
6619181
6619186
6684724
6684731
6684735
6815809
6815813
6815816
6946894
6946897
6946902
7012441
7012447
7077987
7209061
7274601
7274604
7340147
7340150
7405689
7405694
7536771
7602308
7602313
7602317
7667859
7733397
7733401
7733404
7864483
7864486
7930025
7930031
7930033
8061110
8061113
8126655
8192194
8192198
8192201
8323278
8388817
8388823
8454361
8454364
8454368
8585444
8650986
8716527
8716529
8782071
8782072
8782076
8847618
8847620
8847627
8913167
8978706
8978711
8978714
9044255
9044258
9109797
9109802
9109804
9306417
9306423
9371960
9371967
9371968
9437511
9437515
9568589
9634131
9634132
9699675
9699676
9765218
9765222
9830761
9830765
9896304
9896308
10158456
10158461
10420608
10486148
10486153
10551692
10551698
10682775
11075992
11207069
11207075
11207079
11272617
11272620
11338163
11338167
11338168
11469246
11469248
11534790
11534794
11600332
11665873
11665876
11665882
11731420
11862497
11928036
11993576
11993583
12059120
12059124
12059129
12124669
12124674
12124676
12190217
12255757
12321296
12321303
12321304
12517918
12517920
12517924
12583465
12583471
12780081
12780086
12780090
12845628
12845633
12845637
12911178
12976718
13107794
13107799
13173338
13238879
13238881
13238884
13304425
13369964
13501042
13501047
13566584
13566589
13566594
13632134
13632138
13632140
13763219
13828758
13828760
13828767
13894307
13894308
13894315
13959853
13959857
13959861
14090937
14156477
14287555
14287559
14287560
14353103
14353107
14418646
14418651
14484189
14484195
14615268
14615275
14615276
14680816
14680821
14680827
14942972
14942978
15008516
15008520
15008527
15074067
15074068
15139610
15139615
15205155
15336228
15336233
15336239
15401779
15467319
15532858
15532862
15532867
15598405
15663947
15663948
15729490
15729492
15729498
15926111
15926114
15926116
15991658
15991663
15991664
16057207
16057208
16188286
16188289
16450437
16515976
16581517
16581520
16712597
16712602
66462
66465
132007
197545
197548
197553
263092
263099
459710
459712
656325
656331
721868
721874
721877
918490
918495
918498
1049574
1180651
1180654
1246194
1311732
1311738
1442812
1441792
1441798
1507337
1572879
1572883
1572886
1638426
1703964
1703968
1769509
1769514
1769516
1835057
1900597
1966138
2031677
2031682
2097221
2162761
2162767
2228307
2359381
2424923
2424927
2424931
2490468
2490472
2621551
2621552
2621556
2687098
2687100
2687105
2752645
2752651
3014799
3014802
3145878
3145880
3211421
3276963
3342502
3408041
3408044
3473586
3539125
3539130
3539135
3604673
3604677
3604683
3670221
3670225
3670229
3735769
3866846
3866849
3866853
3932395
3997933
3997936
4063479
4063482
4129020
4194562
4194564
4194570
4260111
4325651
4325653
4391195
4391198
4391201
4456743
4522280
4653358
4718897
4718900
4849979
4849981
4915521
4915527
4915531
5046606
5046609
5112148
5177689
5177693
5243233
5243237
5243240
5308781
5374321
5439862
5439864
5439868
5505410
5505414
5570955
5570958
5570962
5702036
5702043
5767582
5767587
5898663
5898665
5964204
6029744
6095286
6226362
6226366
6226371
6357445
6488520
6554063
6685138
6685142
6816218
6816222
6947298
6947301
6947305
7143916
7143923
7209460
7275003
7275006
7275010
7340551
7406089
7406093
7406097
7602710
7602712
7864862
7864867
8061478
8127019
8192557
8192561
8258100
8323642
8323646
8389186
8389190
8454731
8520271
8585808
8651351
8651352
8716895
8716897
8782439
8847976
8913519
8913522
8979061
9044600
9044604
9044611
9175684
9241224
9372302
9437842
9437847
9437851
9503388
9503392
9503396
9634475
9634478
9634483
9700020
9700027
9700029
9765570
9765574
9765579
9831119
9896659
9962196
9962203
10027740
10027744
10027749
10093288
10093293
10093299
10224374
10224378
10289917
10289922
10355460
10355464
10355471
10552080
10552087
10617627
10617630
10617634
10683174
10683179
10683182
10748722
10748724
10814265
10814268
11010880
11010885
11076424
11207501
11273040
11338580
11469656
11469663
11535201
11600743
11928425
11928431
11993969
11993973
11993976
12059517
12059522
12190599
12190601
12321676
12321683
12321686
12387224
12387231
12387233
12452775
12583849
12583853
12583859
12649396
12714936
12780477
12780483
12780484
12846026
12846031
12846034
12977111
12977113
12977118
13042659
13042663
13108200
13108207
13108208
13173748
13173753
13173757
13238272
13303813
13369352
13369359
13565968
13697045
13697051
13828127
13828130
13828135
13893672
13959215
13959217
13959222
14024761
14024767
14024770
14155846
14155849
14155852
14221393
14221397
14221401
14286940
14352482
14352487
14352488
14483567
14483569
14483574
14549114
14549119
14549122
14614663
14614664
14680206
14745745
14745751
14745755
14811295
14811296
14811302
14876841
14876844
14942384
15007924
15073467
15073471
15139008
15139015
15204554
15204556
15204561
15335639
15335641
15335645
15401187
15401190
15401193
15532270
15597810
15663348
15663353
15663357
15728898
15728903
15728906
15794447
15925520
15991060
15991064
16056606
16187683
16187685
16187690
16318765
16384304
16449845
16515387
16580927
16580930
16646468
16646472
16712012
16712019
16712023
65883
65885
65889
131428
131435
196972
196977
262516
262521
393599
393603
590215
590216
786829
852369
917909
983450
983452
1048992
1048999
1114537
1114541
1180082
1245621
1376699
1442237
1442242
1573319
1704395
1835470
1835474
1835476
1901017
1901021
2032096
2032102
2097642
2097646
2097650
2163188
2163194
2228735
2294274
2425351
2490888
2621965
2621970
2687508
2687513
2687517
2753057
2753060
2818602
2818604
2884145
2884149
2884153
2949692
2949699
3015238
3015243
3146316
3211858
3211863
3277401
3277404
3342944
3342950
3342955
3408495
3408499
3474039
3474040
3474047
3670657
3670661
3736201
3736205
3801745
3867287
3867290
3932829
3998368
4063908
4063915
4063919
4129457
4129460
4129464
4195005
4195009
4195012
4260553
4260558
4391635
4391638
4391643
4457182
4457186
4588262
4653801
4653807
4653810
4719350
4719352
4719358
4784898
4784903
4915979
4915983
4915985
4981526
5047064
5047069
5112608
5112612
5112618
5178156
5309234
5309238
5309240
5374781
5374785
5374790
5636936
5636942
5702482
5833559
5833561
5833567
5899104
5964646
5964648
6030190
6030194
6030199
6095737
6095740
6161280
6161284
6161291
6226830
6226834
6292375
6292379
6357916
6423458
6423463
6423465
6489005
6489009
6620087
6620090
6685629
6685633
6816710
6947784
6947790
7013330
7013332
7078873
7078876
7078880
7209956
7275497
7275501
7275507
7406580
7406587
7406589
7536640
7536645
7602184
7602191
7667729
7667732
7667736
7733279
7798816
7864357
7864363
7929901
7995441
8126516
8192057
8257596
8257603
8388678
8388682
8454221
8454227
8519765
8519770
8519772
8650850
8650854
8716395
8716399
8781937
8781941
8847482
8847486
8847488
8913028
8913034
8913036
8978577
8978580
8978585
9044124
9175200
9175206
9240745
9306285
9306290
9502903
9568441
9568447
9633987
9633990
9633992
9830607
9830610
9830612
10027225
10027231
10092768
10092775
10158314
10289388
10289393
10289396
10354939
10354942
10420482
10420487
10420489
10486028
10486034
10551575
10617112
10617117
10748194
10879271
10879273
10879276
11010352
11075894
11206970
11206972
11206979
11338052
11338056
11338061
11469137
11469143
11469144
11534686
11600224
11600231
11731306
11731308
11731314
11796855
11796857
11796861
11862401
11862405
11862410
11927951
11927952
12059029
12059033
12124573
12190112
12190119
12190121
12255661
12255664
12255669
12321208
12321213
12321217
12386758
12386762
12386765
12452306
12452309
12517849
12583391
12583393
12583399
12648939
12648940
12648944
12714484
12714488
12780028
12780034
12780038
13107720
13107725
13107731
13173271
13238810
13238812
13238816
13304358
13369896
13369903
13369904
13500982
13500984
13632061
13697600
13763143
13763144
13894222
13894224
14025303
14090843
14090844
14090851
14156389
14221930
14221935
14418544
14418550
14484089
14549630
14549635
14615175
14615179
14680719
14680720
14680724
14746265
14746271
14746273
14811812
14811819
14811823
14877363
14877367
14877369
14942909
14942912
14942919
15008456
15008461
15008464
15074007
15074011
15139548
15205091
15205095
15270634
15270637
15270641
15336182
15336186
15401727
15467266
15467271
15467275
15598348
15663890
15663892
15663897
15729437
15729443
15794982
15991592
15991599
16122674
16319287
16319288
16384831
16384834
16515910
16581449
16646991
16646992
16646999
66395
131932
131936
131941
197483
197486
263027
263030
394105
394111
394114
459654
459657
525196
656274
656276
787354
787358
852898
918439
918441
918446
983986
1049526
1049531
1049533
1115072
1180613
1180619
1180621
1246162
1246166
1311705
1377246
1377250
1508325
1508330
1508335
1573874
1573877
1573881
1639422
1638400
1638404
1703947
1703951
1703954
1769494
1835033
1900574
1900579
1900583
1966121
1966124
1966128
2031669
2097208
2162750
2293824
2293831
2293834
2359374
2359377
2424917
2424920
2424924
2490465
2687077
2687082
2687086
2752626
2752631
2883707
2883709
2949250
3014790
3014792
3080334
3211408
3211412
3276952
3276958
3342497
3342502
3408041
3473581
3473587
3670199
3670202
3735743
3735746
3735748
3801291
3866830
3932370
4194518
4194521
4194526
4325602
4391140
4391147
4456685
4456688
4587764
4587769
4587775
4653314
4849926
4849929
4915468
4915475
4915478
4981017
4981020
5046560
5046565
5112107
5177646
5177648
5177652
5243193
5243198
5308736
5308741
5374281
5505358
5570899
5636439
5767514
5767518
5833056
5833062
5964137
5964140
5964147
6029685
6095225
6095228
6095235
6160774
6160779
6226317
6422931
6422934
6554011
6554014
6685088
6750631
6750634
6750638
6816177
6816180
6816186
6881725
6881728
6881732
6947272
6947277
7078354
7078359
7143897
7143902
7143907
7209444
7274984
7274989
7274995
7340533
7340538
7340541
7471618
7537158
7602699
7668237
7733777
7799318
7799323
7864860
7930402
7930404
7995946
7995949
8061488
8061495
8061499
8127039
8192577
8258119
8258121
8258127
8323666
8389206
8389209
8454749
8454755
8454756
8651369
8651374
8651377
8716916
8847993
8913533
8913537
8913540
8979080
9044621
9044627
9044629
9175704
9175708
9241249
9372324
9372331
9437868
9700016
9700022
9831099
9831101
9896643
9896645
9962186
10027724
10093264
10158805
10158810
10224351
10224352
10355428
10420971
10420974
10420979
10486518
10552057
10617596
10617602
10683142
10683147
10748684
10748691
10748695
10814234
10814236
10879777
10879780
10879786
11076397
11207474
11273012
11273019
11273021
11338563
11338567
11469641
11469644
11469650
11600727
11600729
11731804
11797347
11797348
11797354
11862894
11928435
11928436
11928441
11993982
12059520
12059527
12125066
12125070
12256145
12256149
12256153
12321695
12321699
12321703
12387242
12387246
12452784
12452790
12452792
12518333
12518339
12518343
12583881
12583884
12583890
12780500
12780505
12977117
12977123
13042662
13173739
13173740
13173744
13239285
13304824
13435903
13565952
13565956
13631499
13631503
13697043
13697045
13697049
13828125
13959201
14090277
14090283
14155823
14155824
14221366
14286907
14286908
14286913
14352455
14352459
14483535
14483536
14549076
14614618
14680157
14680161
14745700
14745705
14811246
14811251
14876789
14942331
15073404
15138944
15204487
15270025
15270028
15270035
15335573
15335579
15401119
15401121
15401126
15466665
15532206
15532209
15597750
15728827
15794367
15794369
15859911
15925450
15925453
15990994
16056532
16056536
16056540
16122083
16187621
16253160
16253167
16253171
16318708
16318712
16384252
16384258
16449798
16449800
16449804
16515344
16711956
16711962
65820
65826
196903
196905
262445
262451
262453
327992
327996
328001
393541
459082
459087
459090
524631
524632
590174
590179
786789
786792
786799
852336
917879
983418
983423
983425
1114500
1114505
1114511
1180050
1245591
1245594
1311132
1311137
1311143
1376682
1376687
1376691
1442231
1442235
1442237
1507779
1507783
1638859
1638860
1704402
1704405
1769945
1769948
1835488
1835493
1835497
1901039
1966578
1966581
2163193
2228734
2228738
2228741
2294283
2621965
2621970
2621973
2687512
2687519
2687521
2753062
2753064
2818604
2818608
2884149
2949691
2949693
2949698
3015236
3015241
3080780
3146321
3146326
3146331
3211869
3211874
3211879
3277416
3277422
3342961
3474038
3539577
3605119
3670659
3670662
3801738
3801743
3932819
3998358
3998362
3998366
4063905
4129444
4194987
4194988
4194994
4260533
4326072
4326077
4391618
4391620
4457161
4457167
4588240
4653783
4653786
4784861
4784866
4915941
4915944
4915948
4981490
4981495
4981499
5047036
5047042
5047046
5112586
5112588
5112593
5178134
5243674
5243679
5243680
5374758
5374760
5374764
5440305
5505845
5505850
5571391
5636928
5636935
5636938
5702478
5702481
5702487
5768027
5768029
5768035
5899111
5899114
6030189
6030192
6030198
6161274
6226813
6292354
6292357
6292360
6423436
6423440
6488981
6488984
6554524
6620067
6685607
6751146
6751151
6751154
6816693
6816698
6882237
6882242
6882246
6947784
6947791
7013331
7013334
7078873
7144415
7209953
7341031
7341032
7341038
7472115
7603189
7734266
7734268
7798784
7798791
7798795
7864335
7929872
7929876
7929882
7995421
7995424
7995431
8060969
8060973
8126512
8323127
8323130
8388670
8388674
8388676
8454219
8519756
8585298
8585300
8585304
8650845
8650848
8650855
8716392
8781934
8847472
8847479
8978555
8978559
8978562
9044101
9175179
9175182
9175186
9240726
9306266
9306268
9437346
9437350
9437353
9502895
9502899
9568437
9568441
9633982
9699520
9699525
9699528
9765069
9896146
9961686
9961688
9961694
10158305
10158310
10158313
10289389
10420465
10420469
10486010
10486013
10486018
10617093
10682632
10682636
10682641
10748183
10748187
10813727
10813729
10813733
10879275
10879279
11010355
11010358
11075896
11206974
11206978
11206982
11272522
11272524
11469136
11469143
11469146
11534687
11534690
11534692
11600235
11600239
11600240
11796853
11796858
11927934
11927939
11927942
11993483
11993485
12059026
12124564
12124569
12124573
12190113
12255655
12255658
12321199
12321201
12321206
12386744
12583357
12583362
12583365
12648905
12648911
12714451
12779991
12779993
12845534
12976610
12976614
12976619
13042157
13042160
13042165
13107707
13173247
13238786
13238789
13238794
13304333
13369875
13435415
13500953
13500958
13632035
13632036
13632042
13697583
13763120
13763126
13763130
13828671
13894211
13959748
13959754
14025293
14025299
14287446
14287449
14352989
14352994
14352998
14418539
14418541
14484082
14484084
14484090
14746238
14746241
14811783
14877323
14877325
15008402
15008406
15073945
15139487
15205026
15205028
15205035
15270573
15270576
15270581
15336121
15336124
15401665
15598278
15794891
15794894
15860432
15925973
16057050
16122588
16122595
16188134
16253673
16253678
16253681
16319223
16319225
16319229
16384770
16384773
16384778
16450316
16450322
16515861
16581403
16581407
16581410
16646948
16712490
16712495
16712497
823
131897
131901
197440
262980
262986
262991
328531
328534
328537
394077
394082
459622
525161
525165
656241
656244
852858
983932
983936
1049478
1115017
1115022
1246099
1246102
1246107
1377182
1377184
1377191
1442730
1442732
1508272
1573812
1573819
1639357
1704897
1770437
1770443
1770446
1835987
1901527
1901529
1967070
2098146
2098148
2229225
2229231
2229234
2294773
2294776
2360317
2359296
2359303
2424842
2424844
2621458
2621463
2687003
2687004
2687010
2752549
2949163
3014700
3014707
3080245
3145786
3145788
3211331
3211332
3211336
3276877
3276880
3276884
3342426
3342430
3342432
3539046
3539051
3604589
3604592
3670134
3735672
3801214
3801216
3801222
3866760
3866764
3866769
3932311
3997849
3997854
3997858
4063398
4063401
4128943
4128944
4128948
4194490
4194494
4194498
4260036
4260043
4260044
4391122
4391127
4456664
4456669
4456674
4522215
4522218
4522222
4587760
4587765
4718840
4849918
4849922
4915461
4915464
4915468
5046546
5046550
5046552
5112094
5112099
5308711
5308713
5308718
5374259
5374263
5439803
5439804
5570883
5570886
5636427
5636429
5701970
5701974
5767512
5833055
5833058
5833063
5898602
5964143
6029681
6095220
6095226
6291837
6357377
6357383
6357384
6422927
6488465
6488468
6488472
6554015
6554018
6554023
6619562
6619564
6619570
6750646
6750650
6750653
6816193
6881732
6881736
6881742
6947283
6947284
7012824
7143901
7143907
7143911
7209448
7340526
7340531
7406070
7471609
7537151
7537154
7668228
7668234
7668238
7733776
7733782
7864857
8061470
8127009
8192550
8192552
8192557
8258099
8389175
8389177
8389181
8454720
8454725
8520266
8520270
8585809
8585814
8585819
8651358
8651361
8651365
8716906
8782445
8782451
8782455
8913530
8979069
9044611
9044613
9241225
9306767
9372305
9372311
9372312
9503388
9568930
9634468
9700011
9765550
9765553
9831092
9831098
9831100
9962176
10027717
10027722
10027725
10093264
10093270
10224346
10224350
10289889
10289895
10289898
10355439
10355443
10355447
10420987
10486526
10683138
10814213
10879753
10879756
11010835
11076375
11141912
11141918
11141921
11207462
11207464
11273005
11338545
11338548
11535161
11535167
11600705
11600708
11600715
11666252
11731793
11731798
11797339
11862877
11862882
11862885
11993960
11993964
11993969
12059511
12190586
12256126
12321666
12321668
12452747
12518284
12583826
12583831
12583833
12649375
12649376
12649383
12714922
12714924
12780465
12846007
12911544
12911549
12911552
12977095
13042633
13108174
13173715
13173717
13173720
13304796
13370336
13370341
13435882
13501421
13566960
13566966
13566971
13632510
13762560
13828102
13828106
13893644
13893651
13893654
13959192
13959196
14024737
14090279
14090281
14090287
14155827
14155830
14221369
14221374
14221376
14286917
14549065
14549071
14549074
14680148
14680152
14745694
14811235
14942309
14942314
15138925
15204465
15204468
15270008
15270013
15270018
15335556
15335562
15466638
15466641
15466647
15532184
15532191
15597731
15728806
15728809
15728812
15794354
15794356
15794363
15859902
16122049
16122054
16187593
16187599
16253138
16253141
16253144
16449759
16515296
16580836
16580843
16580844
16646387
16646389
251
65791
131330
131332
131339
196876
327952
327957
327961
459038
459042
459045
524587
524589
524594
590133
590138
655678
655680
655687
786763
852302
852304
917846
917849
1048927
1048929
1180006
1180009
1311086
1835378
1835382
1835387
1900924
1900931
1900933
2032010
2032013
2032016
2163093
2163099
2163100
2228642
2228647
2359722
2556333
2556336
2556341
2687419
2687421
2687424
2752966
2818506
2818509
2818515
2884054
2884056
2949599
2949600
2949604
3015145
3015148
3080690
3080694
3146232
3146236
3211777
3211780
3211786
3277326
3277329
3277333
3342874
3342877
3408416
3408420
3408426
3473964
3473971
3539508
3539513
3605055
3605057
3605061
3670603
3736143
3736147
3867221
3867224
3998302
3998305
4063844
4063849
4063853
4194931
4194933
4194938
4326012
4391553
4457094
4457099
4457101
4522640
4522644
4522651
4653726
4653731
4719268
4719275
4784814
4784819
4850359
4850360
4850364
4915907
4915911
4915913
5046988
5046993
5046996
5178074
5178076
5243618
5309156
5440235
5440237
5505778
5571319
5571322
5571327
5702402
5767940
5767945
5767948
5833488
5833494
5964569
5964574
6030115
6030116
6030122
6095660
6095664
6095669
6161208
6161213
6161218
6226757
6226760
6226765
6292307
6292310
6292312
6357854
6357857
6357860
6488939
6554476
6620018
6751093
6751099
6751101
6816640
6816645
6816648
6882190
6882194
6882196
6947736
6947741
7013280
7013287
7013290
7078829
7078835
7078839
7144378
7209917
7340995
7406534
7472072
7537613
7668691
7734231
7734232
7734238
7799777
7930854
8061931
8127471
8193011
8193014
8258553
8258559
8323075
8388614
8388617
8388620
8585232
8585236
8585241
8716319
8781859
8847397
8847403
8912941
8978483
8978487
8978488
9175100
9240641
9240645
9306185
9306188
9306192
9371735
9437273
9502814
9502818
9502820
9568361
9568365
9568370
9633910
9633912
9699452
9699456
9764997
9765003
9830540
9896080
9896084
9896090
9961628
9961635
10027174
10027177
10092717
10158256
10354871
10354872
10420414
10485952
10485957
10485960
10551502
10551507
10551511
10617048
10617053
10617057
10682597
10682600
10682606
10748145
10748149
10813689
10813692
10813698
10879236
10944779
10944780
10944785
11075863
11141401
11141405
11141408
11534631
11665705
11731247
11796786
11862326
11862330
11993404
11993409
11993415
12058952
12124492
12190034
12190038
12321115
12321116
12452193
12452197
12517736
12517742
12517746
12583284
12583291
12583295
12648833
12779910
12845451
12910988
12910995
12910998
12976538
12976541
13042083
13042087
13042090
13107629
13107634
13173172
13238712
13238717
13304259
13304261
13369801
13369804
13369811
13435348
13500888
13500894
13500898
13566437
13631978
13631981
13697521
13697526
13763066
13763069
13763073
13828615
13828617
13959694
13959699
13959700
14090779
14090781
14156322
14156326
14156328
14221870
14221875
14287414
14287416
14287421
14352962
14418502
14418507
14484044
14484049
14549589
14549594
14615134
14615136
14615143
14746217
14877292
14877296
14942839
15008378
15008383
15139459
15204996
15270536
15270540
15270547
15336085
15336090
15401631
15401635
15467172
15467179
15598255
15663793
15729334
15729337
15794876
15794882
15794886
15860427
15860428
15925969
15925974
15991514
15991519
15991520
16057061
16057065
16057070
16122609
16122612
16122616
16188156
16188162
16188164
16253704
16253708
16319249
16384789
16515866
16581405
16581409
16646950
16646952
16646959
16712496
16712503
827
66367
66371
66373
328520
328526
328529
394070
459610
656222
787297
787303
852842
852844
983923
983927
1049467
1049468
1049474
1115015
1115018
1115021
1311633
1311636
1311643
1377182
1442721
1442727
1442730
1508270
1508273
1573814
1639355
1639357
1639362
1704900
1704906
1704908
1770451
1770453
1967064
1967069
1967075
2032615
2032616
2098156
2098162
2163702
2163707
2163708
2228227
2293765
2424841
2424844
2490385
2490391
2490393
2555934
2555938
2555943
2621481
2621484
2621490
2687028
2687032
2687038
2752578
2818118
2883658
2949197
3014738
3014743
3080283
3080287
3145826
3276903
3276904
3276908
3407986
3407988
3407993
3473534
3539074
3539079
3539081
3670159
3735699
3735701
3735705
3801246
3866784
3997862
4128937
4194477
4194482
4194486
4260026
4260030
4325571
4325575
4391114
4522189
4522195
4522197
4587736
4718812
4718818
4849894
4980969
5046511
5046512
5046518
5112059
5112060
5243138
5243143
5374218
5374220
5439762
5439766
5439770
5505309
5505315
5505317
5570859
5570862
5570866
5636407
5636409
5636414
5833026
5898564
5898568
5898573
5964113
5964118
5964121
6160732
6160736
6226276
6226283
6226286
6291827
6357366
6357371
6422910
6422915
6422916
6488457
6488462
6619538
6619543
6619544
6685087
6685091
6685095
6750634
6750638
6750643
6816183
6816186
6881724
6881730
6881735
6947272
7012815
7078355
7078358
7209432
7274972
7406051
7406054
7471595
7471599
7537139
7537142
7537144
7602686
7602689
7602695
7733769
7733774
7733776
7799318
7799320
7930396
7930401
7995940
8127018
8192557
8258098
8258103
8258107
8323647
8323651
8389190
8389192
8389197
8454736
8520277
8585816
8585823
8782432
8782438
8913512
8913516
8979057
9044597
9044603
9175678
9175681
9241221
9241226
9306766
9372307
9372309
9372313
9437853
9437856
9503396
9503403
9568940
9634482
9634486
9765562
9765564
9765569
9896644
9896650
10027727
10158801
10158804
10224345
10289885
10355425
10486502
10552042
10552044
10552051
10617588
10617594
10617597
10748674
10879751
10945288
10945293
10945299
11010836
11010843
11076380
11141920
11141924
11141930
11207469
11207472
11273012
11273019
11273021
11338560
11338566
11338569
11666255
11928400
12125013
12125016
12190558
12190560
12190566
12256105
12256111
12256115
12321654
12321659
12387199
12387200
12387204
12452744
12452751
12452752
12649365
12649370
12714911
12780449
12845991
12845994
12911534
12911538
12911541
13042616
13108156
13108161
13108167
13173705
13173711
13173712
13304791
13304792
13435871
13501408
13632484
13632489
13632494
13698033
13763574
13829114
13829117
13828099
13893637
14024712
14024716
14090258
14155798
14221338
14286878
14286880
14352421
14352427
14417966
14417970
14417974
14483515
14483516
14483523
14549062
14614602
14614606
14680145
14680151
14811225
14811231
14811233
14876774
14876779
14876780
14942323
14942327
14942329
15007869
15007872
15007876
15073419
15073421
15073426
15138966
15204504
15204511
15204512
15270054
15270057
15270062
15335603
15466677
15532219
15532222
15532226
15597766
15663305
15728844
15728851
15859926
15859931
15925470
15991008
15991015
15991018
16056557
16056563
16122102
16122106
16122109
16253186
16253191
16318730
16318733
16384275
16384277
16449819
16449820
16449825
16515367
16580905
16711981
16711986
16711988
312
131391
131395
328004
328009
393550
393555
393557
459099
459101
459104
590183
590186
655725
655728
655733
786808
786813
786817
852357
852362
917900
917906
983447
1048987
1114524
1180064
1180071
1245610
1376687
1442225
1507767
1573307
1573308
1573312
1638854
1638858
1704399
1769936
1769943
1769944
1835486
1835489
1901031
1901032
1966573
1966578
1966583
2032123
2032127
2163201
2163206
2294280
2294286
2294289
2359829
2359833
2425375
2425379
2425382
2490920
2490924
2490930
2556468
2556475
2556476
2622019
2622023
2687561
2687567
2687570
2753109
2818650
2818655
2818659
3015269
3015275
3080812
3080817
3080820
3277435
3277437
3277443
3342983
3342987
3342988
3408530
3408534
3539611
3539614
3539616
3605156
3801768
4063916
4063920
4129461
4129464
4129468
4260544
4260551
4260552
4326094
4326097
4326101
4522713
4522719
4522723
4588263
4588267
4588270
4653810
4653812
4719353
4719358
4719362
4784903
4784904
4850445
4850448
4850454
4981531
4981532
5178146
5178150
5178152
5243692
5243699
5243701
5309242
5309246
5374785
5440326
5440329
5440332
5636946
5702485
5702490
5768031
5768035
5899109
5899112
6030191
6030192
6095732
6161272
6226814
6226818
6292358
6292361
6292365
6357907
6357910
6423449
6423453
6423458
6554535
6554538
6685615
6685616
6685620
6751162
6751164
6751168
6816709
6882251
6882254
6882256
6947796
7013336
7013342
7013345
7078885
7144426
7144428
7209971
7275511
7341048
7341053
