2058
4117
4121
12340
26719
47285
26721
26726
51384
51391
96550
149953
149956
96553
152009
234164
234171
234173
152012
236227
236228
12344
28778
53441
53446
100653
154067
238281
238284
238288
53450
102704
156117
240341
240347
240350
102708
158171
242400
158173
244453
244457
158178
28780
28784
4126
14396
30838
59597
104760
59603
30841
61655
108860
108865
164324
248557
248561
108870
166379
250612
250619
166382
252671
14401
32895
63704
110921
168432
254721
32898
65757
112974
170487
256775
112977
112981
174585
258827
258829
174588
260881
174595
262934
262939
262940
65761
115035
176645
264995
264999
265000
176651
267055
267057
267060
176655
269112
65765
117086
178704
271167
271168
178708
273221
117089
180762
275273
275278
117093
182813
277330
182817
279380
32901
67818
119146
184868
281435
281439
281441
184874
283495
283499
283500
184877
285554
119150
186928
287605
287610
287613
119152
67820
121205
121210
193078
289666
67824
123261
123266
2061
6176
6181
18500
34955
69876
34956
71931
127366
127369
201273
291717
201277
293770
293774
293776
201282
295830
295833
295836
127373
203333
297889
297893
297896
18507
37010
37015
76029
37018
18511
39069
80130
39072
82180
133522
205385
299949
205389
205393
304050
133527
133529
209492
306103
209499
308154
308156
308162
82184
135583
211550
211555
312260
312266
312270
135585
213606
213608
39078
2065
8232
20562
8237
22612
43178
86286
137636
215660
318418
318421
318424
215664
320479
137643
217716
322531
322535
322536
217720
324589
324595
217724
137646
219776
328693
219783
330746
330748
86288
86292
43182
8241
24665
45232
90395
143792
221833
221839
90399
145846
223890
223892
223896
90400
147897
225949
225954
225958
147900
228009
228015
228017
8192
