8202
16405
16409
49204
106591
188597
106593
106598
204984
204991
385318
598465
598468
385321
606665
934580
1417291
148141
148145
148150
1417831
1254356
1254363
1254365
1417295
156344
1426025
1262563
1426030
1270757
1270760
156349
1417297
164544
1442416
1278958
1278960
1278966
1442422
1287162
164548
1450617
1295359
1450623
934587
1425492
1425497
1425501
189131
1458816
1458821
1458827
189135
1467022
934589
606668
942787
1441888
197329
1475219
1475223
1475227
197335
942788
1450085
205529
1450090
213726
1450093
221921
1507996
49208
114794
213185
213190
401709
614867
950985
1458288
230118
950988
950992
1474679
238312
1524387
1524389
238316
1532584
238323
1540783
1540786
1540788
1474682
246519
1548986
246522
1557181
246525
1565377
213194
409904
623061
959189
959195
1491070
254723
1573572
254724
254730
1589961
1589965
1589970
1491074
262925
1598166
1598168
262931
1606367
1606371
262933
1491077
271130
1622759
271133
1630954
1630959
959198
1499272
279330
1639152
279332
1647350
1647352
1647358
1499278
287528
409908
631259
967392
1507475
295727
1663745
1663749
1663753
295728
1671948
295732
1680145
1680149
1680153
631261
975589
1515669
303928
1688351
1515675
975593
1523869
320317
1696544
320323
1704742
1704747
631266
114796
114800
16414
57404
122998
237773
418104
237779
123001
245975
434492
434497
655844
991981
1532064
1532070
336711
1712942
1712947
991985
434502
664043
1000180
1548456
344905
1721140
344910
344914
1737528
1548460
353108
1745727
1745730
1745733
353112
1753929
1753935
353118
1762129
1762133
1000187
1556657
361312
664046
1008383
57409
131199
254168
442697
672240
1016577
1573047
369509
1778520
1778524
369515
1573049
377709
1794912
1794916
1794920
377713
1803118
1803121
1803127
1573055
385910
385915
1819512
131202
262365
450894
680439
1024775
1581250
394108
394114
1581254
402309
1581256
450897
450901
696825
1032971
1032973
696828
1041169
1605836
418699
1852287
1852290
418703
1860484
1860488
1860493
696835
1049366
1614032
1614038
1614042
443280
443287
1876880
1876885
1876888
1049371
1622238
451483
1622242
459676
1893276
1893282
1622245
467873
1049372
1630440
476069
1909669
476073
476079
1630446
484275
1934251
1630450
492469
1942445
1942448
262369
459099
705029
1057571
1057575
1057576
1655031
500667
1950647
1950649
1950652
500668
1958848
1958853
500675
1655034
508869
1975242
1975246
508872
1983440
1983446
508876
705035
1065775
1663230
1663232
525267
1999833
1999836
1999841
525271
2008036
2008041
1663238
1065777
1671435
541658
2016239
2016242
2016247
1065780
1679629
549852
2024440
1679634
558048
2032638
2031616
1679636
566247
2039812
566251
2048011
2048015
705039
1073976
262373
467294
713232
1082175
1696026
1696028
1696035
590828
2056211
2056215
590832
2064411
2064415
2064419
590836
2072614
2072619
2072621
1082176
1704231
599033
2080817
1704232
607229
606210
52
59
606215
8254
713236
1090373
467297
721434
1098569
1720621
614408
16449
1098574
1728819
622604
24646
24651
467301
729629
1106770
1737012
630801
32844
32851
630804
41045
41050
41055
630811
49251
49254
49259
1737016
1737022
647197
647201
65646
65651
729633
1114964
131205
270570
475498
737828
1123163
1753408
1753412
663588
73845
663595
82043
82044
82049
663597
90247
90250
1753417
671794
98444
1123167
1761614
1761616
688180
106643
106644
106650
688187
1123169
1769814
696380
123036
123041
1769816
704579
131237
131243
704580
139439
737834
1131367
1778013
712779
147634
147639
147641
712780
155839
1778017
720976
164035
720981
172230
172232
172236
720985
180435
180439
180443
1131371
1786212
729180
188639
188641
729184
1786219
737380
205031
1131372
1794414
745579
213226
213228
213233
745582
221429
221432
221436
1794416
753776
229632
229636
737837
1139570
1802614
761972
1802619
770171
770173
254217
254220
770178
475502
746032
1147765
1810812
778372
778377
278802
278806
278809
778383
287004
1810818
1147770
1147773
1827205
794771
295203
295207
295211
794774
303404
794776
311600
475504
270572
483701
483706
770614
1155970
270576
491901
491906
8205
24608
24613
73796
139403
278772
139404
286971
508294
508297
803385
1164165
1843594
1843599
811164
319796
319803
319807
803389
1172362
1851794
819361
328002
328004
328009
819366
336207
336210
819369
344407
344408
1172366
1859989
827566
352606
827570
360800
360806
360808
827573
1859994
835771
377196
835775
385395
385396
1859998
1172368
1868193
852163
393592
393598
393602
803394
1180566
1180569
1180572
1892775
860358
860362
409991
409992
860366
418189
418194
418196
508301
811589
1188769
1900969
868561
426392
868564
434589
1188773
1188776
1917356
876760
442786
442791
442792
73803
147602
147607
303357
147610
73807
155805
319746
155808
327940
532882
819785
1196973
1925553
1925556
893150
819789
819793
1213362
1933754
901344
901350
467375
467378
467380
1933756
909547
909549
483770
909555
1933762
917750
500156
500160
500165
917753
508363
508367
508370
532887
532889
836180
1221559
836187
1229754
1229756
1958340
925951
516565
925954
925959
1958347
934154
1958351
942348
549338
549343
942352
557538
557543
557547
942359
565742
565745
565748
1229762
1966544
950554
573945
573951
950558
582145
582149
582152
950561
1966548
1966553
966949
966952
327944
541087
844382
844387
1246148
1974750
1974755
1974757
1246154
1246158
1991146
999724
614925
614931
999729
623127
1991149
1007924
631320
631326
631328
1991154
541089
852582
852584
155814
8209
32808
82002
32813
90196
172202
344334
549284
860780
1270738
1999350
1999355
1032504
639525
1999357
1040700
647721
647725
647728
1040707
655926
655929
655932
1270741
2007553
1048902
1270744
2015750
1057097
672323
1057102
680519
680521
680526
1057107
688723
2015754
1065302
1065304
705109
705112
860784
1278943
2023950
1073503
713310
713313
1073504
1073511
729702
729706
2023954
1081707
1081711
1081715
754287
754291
2023956
1089911
762487
762490
1089915
549291
868980
1287139
2032154
2032158
1287143
2040352
1114495
778878
2040357
1122690
2040362
1130884
795267
1287144
2048557
1139083
803461
1139084
811656
2048563
1147282
819855
819859
1147286
828052
828056
828060
1147291
836259
836261
868984
1295341
2056758
1155486
844458
2056761
1163681
852652
852659
852662
1163687
2056767
1171882
869048
869053
1295347
868988
549294
877184
1311733
877191
1319930
2081345
1180078
877250
877252
877259
1180081
885452
885459
2081351
1319932
1318912
344336
344340
172206
32817
98393
180400
360731
573872
885385
1327110
8777
1196470
893652
893658
893663
1327113
16974
1204664
1204668
910048
910055
1204675
918249
918254
918258
16976
1212869
926453
926459
1212873
934655
934659
934663
1212877
885391
1335309
360735
582070
893586
893588
1351699
33364
1221073
1221078
1221080
1351700
41563
1229278
975624
975631
975632
1229281
41565
1351704
49762
1245670
992020
992025
893592
360736
590265
901789
1368092
57956
1253864
1000220
1000227
1253871
1253875
1016612
1016619
1016622
901794
1376290
66153
1262069
1024817
1024820
1024827
1262074
1033022
1376295
74349
74352
1278462
1041217
1041220
1041225
1278467
1049423
1049424
1049429
1376296
82549
82552
901798
1384493
90748
1303044
1303049
1303054
90752
1311248
1082200
590268
909993
1392691
98950
1319447
1392692
107146
1327641
1098591
1098595
1327644
1327650
1114983
1114984
107148
1335847
107155
1344041
1131375
1131377
1344045
1139572
1139577
1344049
1147774
1147778
1147783
1392699
909999
1400894
910001
1409088
131733
1352246
1155977
1352249
1164174
1164176
1164182
1352253
1172377
1172383
131738
1360448
1180578
1180581
131741
1368645
1188777
1368649
1196974
1409094
139939
1376846
1205168
1205173
1376848
1213371
1213372
139942
1385045
1221569
1221573
139947
1393243
1229768
1393247
1393250
1246157
1246161
32770
