1032
2060
3088
4116
5144
6172
7200
8228
9256
9260
11312
12340
13368
13372
15424
16452
16456
18508
19536
11348
21592
7260
5216
24676
24680
26732
27760
28788
28792
27772
31872
32900
31880
34956
35984
35988
38040
39068
40096
41124
42152
41132
44208
45236
46264
47292
48320
48324
50376
51404
52432
53460
53464
55516
55520
44260
58600
59628
60656
60660
62712
62716
64768
65796
65800
64780
68880
69908
70936
69916
72992
74020
74024
73004
77104
78132
79160
80188
81216
82244
82248
84300
81232
80212
87384
79196
89440
89444
78184
68972
93552
59764
40312
39292
97664
98692
99720
100748
100752
102804
102808
99740
105888
38308
107944
35244
3504
111028
112056
111036
2496
115140
116168
117196
116176
119252
119256
2524
122336
122340
124392
124396
1520
127476
127480
1532
130560
