65546
131092
131097
393248
524331
655408
786493
983129
983135
1507461
2162883
3146045
5177835
7996147
983139
786498
786503
1114213
524333
720951
852041
1179752
1704074
2228420
3211585
5243374
8061684
12386411
1704574
1704577
12386415
1770118
10551621
5308731
5112574
12518372
16318829
12518376
16384369
6029798
7929901
16384373
16384377
6160875
7995441
6160879
6160883
8126516
12518383
5112579
12583920
16515452
6226422
8192057
16515456
6291962
8257596
8257603
6291965
6291970
8388678
8388682
5112580
12649460
12649466
16646533
12649471
5308735
5308736
5243659
5243661
12779521
393
6423046
8454221
8454227
6423051
8519765
8519770
8519772
6423052
399
6488594
8650850
8650854
6488597
8716395
8716399
402
12779524
65940
6619672
8781937
8781941
65944
65951
12779531
8061689
12451954
12451959
1901192
5243378
8127230
12517499
1966732
10682696
5374278
5309200
12845069
197026
6816285
8847482
8847486
8847488
6816288
8913028
8913034
8913036
6816294
8978577
8978580
8978585
197031
12845074
262569
262573
262578
12845076
328118
7143979
9044124
328123
7209518
5309204
12910619
393663
7275059
9175200
9175206
12910620
459203
12910625
524741
7406132
9240745
524744
7471674
9306285
9306290
7471678
7471680
524749
7537223
9502903
10682701
1966738
10748243
5505353
5374745
12976165
590288
7602763
9568441
9568447
590294
7668300
9633987
9633990
9633992
12976169
655832
7733843
7733845
655836
7799385
9830607
9830610
9830612
12976175
721378
7864925
7864928
7864933
10027225
10027231
721381
721385
7996010
10092768
10092775
5374748
13041713
786926
8061549
10158314
786929
8127090
8127092
10289388
10289393
10289396
13041719
852469
8192634
10354939
10354942
852474
8258175
10420482
10420487
10420489
852476
8323712
10486028
10486034
13041723
918018
8389255
10551575
5374752
10748244
5570894
5440292
13172798
13172800
13172806
1114629
8454794
10617112
10617117
8454798
8454803
10748194
1114633
5570897
5505832
13238345
1180175
8585878
8585882
10879271
10879273
10879276
1180176
13238351
13238352
5505837
5505840
13369429
1376791
8716956
8716961
11010352
8716964
11075894
1376795
8782506
8782510
11206970
11206972
11206979
8782513
1376796
8848053
11338052
11338056
11338061
10748250
5636436
5571383
13434969
1442336
8913595
8913598
11469137
11469143
11469144
8913601
11534686
1442340
8979143
11600224
11600231
13434974
1507881
5571384
5571388
13566051
13566054
8127232
8127238
12648575
2032279
2032283
10879326
10879328
5767512
5767518
5702464
5702469
13697129
1704492
9110219
9110220
11731306
11731308
11731314
9110226
11796855
11796857
11796861
1704496
9175765
11862401
11862405
11862410
5702474
13762669
1770038
1770041
1770045
2032284
10944868
10944873
5898595
5243383
8192777
12714114
2097827
12714119
2163364
11075948
12714123
2228905
11141488
6029671
5833550
13828210
5833555
13893748
13893753
13893756
2032192
9437912
11927951
11927952
9437917
2032196
9503459
12059029
12059033
2032201
9568999
12124573
9569002
12190112
12190119
12190121
5833556
6029672
5899097
14024833
2097743
2097744
9700076
12255661
12255664
12255669
5899101
14090372
2163286
2163288
9831155
12321208
12321213
12321217
9831156
12386758
12386762
12386765
9831160
12452306
12452309
14090377
2228831
9896700
12517849
2228835
9962243
12583391
12583393
12583399
9962247
12648939
12648940
12648944
9962251
12714484
12714488
14090382
2294374
10027791
12780028
12780034
12780038
10027793
10027798
5899106
14155922
14155924
2425450
2425455
10158874
10158878
10158883
13107720
13107725
13107731
2425459
10224422
13173271
10224427
13238810
13238812
13238816
11141495
6095215
5964647
14221464
2490996
10289966
13304358
6095216
11141498
6160757
6095721
14287006
2556536
10355504
13369896
13369903
13369904
10355509
10355513
13500982
13500984
14287009
6095725
6095729
14418086
2687612
10421052
10421058
13632061
10421062
13697600
2687618
2687623
6160763
6161271
14483624
14483631
2818698
10617672
13763143
13763144
10617678
14483635
6161275
14549175
2949775
6160764
6226812
14614715
3015315
10748755
13894222
13894224
3015318
10814293
10814297
14025303
10814301
14090843
14090844
14090851
6226817
2228909
11207037
6226306
6226311
6357893
6357899
14811325
3080856
10879840
14156389
3080861
10945380
14221930
14221935
14811328
6357903
14876869
3211939
3211940
11076459
14876875
3277482
11141997
3277487
11207537
14418544
14418550
3277488
11273076
14484089
11273083
14549630
14549635
11207041
6291850
6291852
6488977
6488981
6488984
15073485
3343029
3343032
3343038
11469692
14615175
14615179
15073490
3408578
11535235
14680719
14680720
14680724
3408582
11600774
14746265
14746271
14746273
11600776
14811812
14811819
14811823
11600783
14877363
14877367
14877369
15073492
3474122
11666320
14942909
14942912
14942919
11666326
15008456
15008461
15008464
3474124
11731867
15074007
15074011
11731871
15139548
2228913
11272581
11272585
11272590
6488464
6554527
15139032
15139037
3605201
11797411
15205091
15205095
11797415
15270634
15270637
15270641
15139041
3670740
11862953
15336182
15336186
6554530
15204583
3736281
11928493
15401727
11928497
15467266
15467271
15467275
11928500
3736285
6554535
6488470
6620072
15335656
3801824
3801830
3211588
5308923
8258317
12779661
2294455
2294456
2294463
11469201
11469205
6619544
6685614
15401198
3867368
12190648
15598348
12190654
15663890
15663892
15663897
12190657
15729437
15729443
15401202
3932911
6685618
15466740
3998450
12321733
15794982
12321738
12321740
3998455
12387281
15991592
15991599
12387284
3998456
12452827
16122674
15466746
4063999
12518367
12518370
12518373
16319287
16319288
4064003
12583913
16384831
16384834
12583917
4064005
12649456
16515910
12649463
16581449
12649467
16646991
16646992
16646999
6685620
15532284
15532291
4195081
15532295
4260622
12780543
4260627
12845056
12845060
66395
6619549
6751162
6619555
6816703
15663368
4326164
12910603
131932
131936
131941
12910606
197483
197486
15663373
4391706
12976145
263027
263030
4391709
13041684
13041690
394105
394111
394114
15663379
4457251
4457252
13172767
459654
459657
13172771
525196
13172775
8258323
12845202
2360003
2360004
11600281
11600284
6750631
11600291
6816168
6947776
15728919
4522793
13238312
656274
656276
13238319
4522797
13303859
787354
787358
15728923
4588338
13369399
852898
13369401
918439
918441
918446
13369407
983986
15728927
6816173
7013317
12845207
2425547
5308924
8323861
8323866
12976283
8323871
2228425
3277131
2228431
1704079
2293969
3408207
5440003
5440006
5440010
8520483
13107358
2556620
11731367
11731368
6947250
2556627
11796908
7012791
7144394
15860002
4719415
13434945
1049526
1049531
1049533
13434951
1115072
13434954
1180613
1180619
1180621
4719416
7144398
15925543
4784959
4784961
13631565
1246162
1246166
13631568
1311705
13631574
1377246
1377250
15925547
4850500
4850505
13762650
13762653
1508325
1508330
1508335
13762658
1573874
1573877
1573881
15925549
4916045
13828197
1639422
1638400
1638404
4916048
13893737
1703947
1703951
1703954
13893741
1769494
13893745
1835033
7012794
7012796
7275474
7275477
16056625
4981590
13959285
1900574
1900579
1900583
4981592
14024824
1966121
1966124
1966128
16056630
7275481
16122169
5112671
14090366
2031669
5112675
5112677
14221443
2097208
14221446
2162750
14221451
16122174
5178219
14286989
2293824
2293831
2293834
14286994
2359374
2359377
5178223
14352534
2424917
2424920
2424924
14352538
2490465
14352542
16122176
5243761
5243764
14483617
14483622
2687077
2687082
2687086
14483624
2752626
2752631
5243769
14549164
14549170
2883707
2883709
14549173
2949250
11796912
7078338
7341021
16187716
5309309
14614715
3014790
3014792
5309313
14680252
3080334
5309318
14745794
16187723
5374856
14811332
3211408
3211412
14811338
3276952
3276958
7341026
16253263
5440396
14876877
3342497
3342502
14876880
3408041
14876884
3473581
3473587
5440400
14942426
14942430
14942434
3670199
3670202
5440406
15007972
3735743
3735746
3735748
15007978
3801291
16253266
16253271
5571481
5571484
15139052
3866830
15139058
3932370
11796916
7143876
7406566
16318811
5637024
15204598
5637031
16318815
5702569
15335675
15335676
15335683
4194518
4194521
4194526
5702574
15401222
15401224
4325602
15401231
4391140
4391147
5702576
16318817
5768116
5768122
15597841
4456685
4456688
5768127
15663380
7143882
7472106
16384359
5833666
15728923
4587764
4587769
4587775
15728925
4653314
5833668
15794464
15794469
15794474
4849926
4849929
5833673
15860013
4915468
4915475
4915478
15860018
4981017
4981020
15860022
5046560
5046565
7143887
7537647
16449897
5899212
15925563
5112107
15925567
5177646
5177648
5177652
15925569
5243193
5243198
5899216
15991108
5308736
5308741
16449902
5964759
16056648
5374281
16056653
7537651
16515443
16515446
7537652
16580984
6161371
16122194
5505358
16122197
5570899
6161375
16187736
5636439
16187743
16187744
5767514
5767518
8520484
13172899
13172902
2687701
11862457
2687707
11927996
7274962
7603193
16646527
6226915
16253286
5833056
5833062
6226916
16318824
6226920
16384367
5964137
5964140
5964147
16384369
6029685
16646530
6292461
16646533
6358003
16515447
6095225
6095228
6095235
16515451
6160774
6160779
7274966
7668734
16712073
6423541
16580989
6226317
7667713
397
6489083
16646528
6489087
16712070
401
11928003
7340505
7733253
65941
7733256
131480
6684672
395
6422931
6422934
396
402
6554011
6554014
7340508
7798797
197023
6750214
65940
197025
6815753
131481
6685088
6815757
6815763
7798803
262567
262568
7798806
328111
7012375
328095
6750631
6750634
6750638
328112
328117
7143450
393633
6816177
6816180
6816186
393639
6881725
6881728
6881732
393641
6947272
6947277
7143454
7143459
524717
524720
7078354
7078359
7340512
7864345
393659
393663
7864350
459202
7340069
590262
7143897
7143902
7143907
590267
7209444
7340074
655806
7274984
7274989
7274995
7340078
721344
7340533
7340538
7340541
721348
721352
7471618
11928005
7406054
7929888
524742
7405616
786892
7537158
7405620
7405625
917969
7602699
524744
7471166
983509
7668237
7471168
1049050
7733777
2687708
13172907
2753251
12059080
12059084
7537130
12059090
7602671
8060965
590287
7536708
7536715
590291
7602255
1245663
7799318
7799323
1245667
7864860
1245671
7930402
7930404
7602257
1311208
7995946
7995949
1311212
8061488
8061495
8061499
7602260
1376754
8127039
1376759
8192577
8060969
655829
7667801
655832
8060974
721373
7798879
1507832
8258119
8258121
8258127
7798880
1573374
8323666
1573378
8389206
8389209
7798886
721378
721382
7929962
1704454
8454749
8454755
8454756
7602674
8126514
8126517
852458
7995503
7995505
1835531
1835532
1835539
8651369
8651374
8651377
7995509
1901076
8716916
852462
8061051
8061052
8061057
2097688
2097693
8847993
2097699
8913533
8913537
8913540
8520488
3408211
5505550
8586030
8586033
13369519
2818789
12124628
7668215
8192057
918001
8126598
8126603
8192063
983540
983547
8257678
2294308
8979080
2294313
9044621
9044627
9044629
2294316
8257682
2359859
9175704
9175708
2359861
9241249
983550
8323223
2425401
2425404
9372324
9372331
8192066
1049091
8388760
2490945
9437868
2490951
2490952
1049094
8454300
2556494
8454307
2622033
9700016
9700022
2622036
2622043
9831099
9831101
7668218
8257605
1114635
8257611
1180175
8585382
2687581
9896643
9896645
2687587
9962186
2687588
10027724
8585384
2753129
10093264
2753133
10158805
10158810
2753139
10224351
10224352
8585389
2818678
2818682
10355428
1180176
8650929
2884221
10420971
10420974
10420979
2884226
10486518
2884228
10552057
8650932
2949768
10617596
10617602
8650937
3015308
10683142
10683147
3015314
10748684
10748691
10748695
7668222
8323149
1245719
1245721
8782012
3080855
10814234
10814236
3080857
10879777
10879780
10879786
3080861
8782019
1245726
8323152
1311265
8913092
1311270
8978634
3277473
8978638
3343012
11076397
8978643
8323157
1376810
9044183
9044187
3539626
3539631
11207474
9044191
1376813
9109731
9109735
3736243
11273012
11273019
11273021
3736244
11338563
11338567
9109737
3801784
12124633
7733763
7733764
12124637
7799304
8519770
1442353
9175276
3867326
11469641
11469644
11469650
9175281
3932864
8519773
8519776
7799310
8585316
1638966
9240821
9240827
4063941
11600727
11600729
4063946
4063951
11731804
9240828
4129490
11797347
11797348
11797354
1638971
9306371
4195031
11862894
4195032
11928435
11928436
11928441
9306373
1638975
9371914
4326108
11993982
4326113
12059520
12059527
4326116
12125066
12125070
13369520
2884331
2884333
5505552
1704083
2359508
3473749
5571092
8717110
13435060
2949873
2949876
12386787
7864848
8650859
1704513
9437454
9437459
9437462
4522731
7864852
8716397
1770055
9503003
4588269
12256145
12256149
12256153
4588274
12321695
12321699
12321703
4588276
12387242
12387246
9503004
4653818
12452784
12452790
12452792
4653820
12518333
12518339
12518343
4653827
12583881
12583884
12583890
2949883
12452325
12452329
7995930
7995933
7995939
8913009
8913012
1901131
1901135
9634080
9634087
4784902
4784906
9634088
4850447
12780500
12780505
8913017
1966673
9699628
4915986
4915989
4915995
12977117
12977123
1966679
9765168
4981533
13042662
9765175
5047074
12452333
8717115
3473754
2359513
2359516
3604829
5702171
8782652
8782656
8782663
13697208
3015423
12517872
8127014
8978558
8978561
2097754
9830714
5112612
13173739
13173740
13173744
5112617
13239285
5112620
13304824
9830718
5178160
5178166
13435903
5178168
9830720
2097758
9896262
5309246
13565952
13565956
8978565
2163296
9961802
5374787
13631499
13631503
5374791
13697043
13697045
13697049
9961807
5440329
2163301
10027347
5505871
13828125
5505873
10027350
5571413
13959201
2163305
8127018
12517879
8192558
9109642
9109645
2294380
8192563
9175187
2359921
10223963
2359926
10289501
5702491
5702493
14090277
14090283
2359931
10355043
5768032
14155823
14155824
9175190
9175195
2491004
10420583
5833575
14221366
5833578
14286907
14286908
14286913
5833581
14352455
14352459
2491008
10486121
5899122
5899126
14483535
14483536
8192565
9240735
2556551
10551661
5964667
14549076
10551666
6030207
14614618
6030209
14680157
14680161
6030215
14745700
14745705
2556554
9240736
2622093
10682743
6095754
14811246
14811251
10682745
6161293
14876789
6161299
14942331
10682751
6226838
2622097
10748290
6292378
15073404
6292380
15138944
10748295
6357923
15204487
6357927
15270025
15270028
15270035
6357929
15335573
15335579
2622100
10813835
6423469
15401119
15401121
15401126
6423475
15466665
10813837
3015427
13697213
3080966
12648955
8258106
9306278
2687640
10879378
6554551
15532206
15532209
6554554
15597750
10879380
6620094
6620096
15728827
6620103
15794367
15794369
10879387
2687645
10944924
2687649
9306280
12648957
8323644
9371821
2818724
11076003
6816713
15859911
6816719
15925450
15925453
9371827
2884266
11141543
11141545
6947793
15990994
6947798
16056532
16056536
16056540
6947802
16122083
2884269
11207086
7013342
16187621
7013344
16253160
16253167
16253171
11207091
7078886
16318708
16318712
7078890
16384252
16384258
7078895
16449798
16449800
16449804
9371829
8323649
9437369
3015347
11272630
7144435
16515344
7144439
7144441
3015351
11338169
7209980
16711956
16711962
11338175
7274496
7274503
65820
65826
9437373
3080888
3080969
3080973
13697218
3146512
12845571
12845573
8454725
8454729
9568450
3146431
9568452
3211969
11534786
11534788
7405578
11534795
7471118
196903
196905
7471122
262445
262451
262453
7471127
327992
327996
328001
8454735
5702175
8848200
8848205
13828294
3212052
3212059
12976649
8520272
9699530
3277511
11600332
11600336
3277515
11665876
11665883
7733275
393541
7733278
459082
459087
459090
3277519
11731423
7798818
524631
524632
7798821
590174
590179
11731424
7864362
7864366
7864370
786789
786792
786799
9699535
3343056
9699538
3408599
11862502
7929908
852336
3408602
11928043
7995449
917879
7995453
983418
983423
983425
11928044
3408606
11993584
8126530
8126535
1114500
1114505
1114511
8520276
9765077
9765080
3539680
12059125
3539687
12124664
8257610
1180050
8257614
1245591
1245594
3539689
12190205
8323154
1311132
1311137
1311143
8323158
1376682
1376687
1376691
9765084
3605230
12255746
8388699
1442231
1442235
1442237
8388702
1507779
1507783
12255748
12255753
8519777
3605233
12321292
8585316
1638859
1638860
8585320
1704402
1704405
12321297
12321302
8716397
1769945
1769948
8716401
1835488
1835493
1835497
8716407
1901039
3605238
12386840
12976654
8585819
9830626
3670777
12452380
8847480
1966578
1966581
8847485
8847489
12452386
3670781
12517926
8978567
2163193
8978569
2228734
2228738
2228741
8978575
2294283
12517931
9044113
9044119
12517935
9109657
9109660
9109666
2621965
2621970
2621973
12976658
8651357
9896165
3736323
12583472
9175206
2687512
2687519
2687521
9175208
2753062
2753064
3212062
13042197
8716899
13042201
8782437
10027242
3801863
12649015
12649016
9306285
2818604
2818608
9306288
2884149
12649023
9371828
2949691
2949693
2949698
9371833
3015236
3015241
10027246
3867402
3867406
12780097
12780101
9502908
3080780
9502913
3146321
3146326
3146331
9502919
3211869
3211874
3211879
3867411
8782441
10092785
3932948
12911177
9568457
3277416
3277422
12911180
9633996
3342961
3932952
13828296
3277601
13107741
8847982
10158327
3998495
13042258
9699536
9699542
3474038
9699546
3539577
10158329
4064032
13107798
9765085
3605119
13107801
9830624
3670659
3670662
10158334
4129574
13173340
8847986
10223875
4195114
13238882
9961701
8847988
13107744
8913530
10354948
4260653
4260659
4260663
13435493
10027243
3801738
3801743
10027246
13435497
10092785
3932819
10092790
3998358
3998362
3998366
10092793
4063905
13435503
8913532
10420489
4326202
13501043
13501047
10289405
4129444
10289411
4194987
4194988
4194994
4326205
13566585
10354950
4260533
10354952
4326072
4326077
4326211
10420493
4391750
13697663
10420495
4391618
4391620
10420499
4457161
4457167
4391752
4391757
13828736
10486038
10486043
4588240
13828741
10551581
4653783
4653786
10551587
10551591
4784861
4784866
13828744
10617128
10420496
4457297
13894285
10682668
4915941
4915944
4915948
10682674
4981490
4981495
4981499
13894290
10748215
5047036
5047042
5047046
10748218
5112586
5112588
5112593
10748221
5178134
13894295
10813762
5243674
5243679
5243680
3277606
13173284
8979072
13828302
3343146
13238824
9044613
9044619
10617109
4522839
13959835
10879301
13959838
10944841
5374758
5374760
5374764
4522842
14025379
11010382
5440305
11010384
5505845
5505850
4522846
10617114
4588385
14156452
11075925
5571391
14156458
11141465
5636928
5636935
5636938
14156460
11207007
5702478
5702481
5702487
11207011
5768027
5768029
5768035
11207013
4588388
14222002
11272555
5899111
5899114
14222004
11338094
11338098
6030189
6030192
6030198
11338101
10617116
13238831
9110156
10682658
9110160
3343149
3343153
13369907
9175701
10813735
4785002
14287545
14287550
11469179
6161274
4785004
10813739
4850547
14418625
14418629
14418633
11665788
6226813
11665794
6292354
6292357
6292360
11665796
4850550
14484175
14484177
11796872
6423436
6423440
11796878
6488981
6488984
14484182
10813740
4916088
14549721
14549724
11993489
6554524
4916093
14615266
12059029
6620067
12059032
6685607
12059037
6751146
6751151
6751154
14615271
12124577
6816693
6816698
14615273
9175704
10879282
13369908
9241247
10944820
10944826
5112707
14680813
12255655
6882237
6882242
6882246
12255657
6947784
6947791
12255662
7013331
7013334
14680816
12321201
7078873
12321205
7144415
12321208
7209953
5112710
14746359
12386750
12386755
7341031
7341032
7341038
14746362
12452295
12452298
7472115
14746364
5112712
9241248
11010367
5178254
14877443
12583375
12583377
7603189
14877445
12648919
8848210
13893841
3408695
13435450
3408698
13500990
9372324
11075906
5243794
13500992
9437866
11141447
5309332
15008520
12714458
7734266
7734268
5309337
15074062
11141450
5702179
8913749
13959382
3474238
13566532
9503407
11206988
5440412
15139600
12845533
7798784
7798791
7798795
12845537
7864335
15139607
12911076
7929872
7929876
7929882
15139611
12976617
7995421
7995424
7995431
12976622
8060969
8060973
5440419
15205148
11206994
5505959
13566536
13566542
3604833
5767716
8979289
14024921
14024927
14024929
3670849
13632082
9700017
11272532
5571496
9700022
11338072
5637036
3670855
13697620
9765563
9765567
11469151
5702579
15467297
13107696
8126512
15467302
13173239
15467307
11469154
5768118
15532847
13304314
15532850
5768122
5768127
13697625
9831105
11534693
5833665
11534699
5899205
15794996
13435391
8323127
8323130
13435394
8388670
8388674
8388676
13435397
8454219
15795000
13500938
8519756
13500940
8585298
8585300
8585304
11534703
5964746
15860541
13566480
8650845
8650848
8650855
13566487
8716392
15860546
5964751
15926084
13697561
8781934
13697564
8847472
8847479
13697569
15926090
13763110
8978555
8978559
8978562
15926094
13828651
9044101
13828655
5964755
15991634
13894194
9175179
9175182
9175186
15991638
13959735
9240726
9831109
3670856
13763164
9896648
9896654
11731314
11731318
6095830
16057177
14025272
9306266
9306268
14025278
14025282
9437346
9437350
9437353
16057183
14090820
9502895
9502899
14090825
9568437
9568441
14090831
9633982
6095832
11731323
13763171
9962192
11796862
11796866
6292444
16188259
14156371
9699520
9699525
9699528
14156372
9765069
9962196
11862406
6357987
16253796
14221912
14221918
9896146
16253803
14287459
9961686
9961688
9961694
6357989
16319342
16319346
14418535
14418536
11862410
6423529
16384887
16384889
14549613
10158305
10158310
10158313
14549616
16384892
6423532
16450435
14680692
10289389
14680699
14680700
10420465
10420469
16450436
14746240
10486010
10486013
10486018
16450442
14811782
5767720
9044831
9044833
5767726
9110375
14221541
3736398
9110377
14287082
3801936
13894246
10027738
10027741
11993484
6489075
16515982
14877321
10617093
16515987
14942862
10682632
10682636
10682641
6489076
16581527
16581528
15073937
10748183
10748187
15073940
10813727
10813729
10813733
15073944
10879275
10879279
16581533
15139487
15139490
11010355
11010358
11993490
10027746
12059028
6620152
16647073
15205028
11075896
15205035
15205039
11206974
11206978
11206982
16647079
12059034
6685692
16712617
15336112
11272522
11272524
15336119
15336121
6684673
942
15401661
11469136
11469143
11469146
946
15467202
11534687
11534690
11534692
15467204
11600235
11600239
11600240
15467208
951
15532750
15532754
11796853
11796858
15532757
13894250
10093287
12124572
6750212
66491
15598296
11927934
11927939
11927942
10093289
12190112
6815754
132031
15663838
11993483
11993485
15663842
12059026
6815757
197569
15729381
12124564
12124569
12124573
13894254
10158828
12255655
12255656
6946835
263111
263112
15860456
12190113
15860463
12255655
12255658
15860464
12321199
12321201
12321206
263119
15926005
12386744
10158835
3801940
13959793
10224373
10224376
12452270
7012374
328656
328661
16057080
10224381
12517809
7077915
394203
16122621
16122627
12583357
12583362
12583365
16122630
12648905
12648911
394206
394209
16253706
12714451
7077916
459749
16319247
12779991
12779993
16319251
12845534
459753
16384788
16384792
12976610
12976614
12976619
16384796
13042157
13042160
13042165
459759
16450336
13107707
16450342
13173247
16450347
13238786
13238789
13238794
13959798
10289923
12583350
7143456
7143463
10289925
12648889
10289928
12714431
7274539
7274542
721905
16515887
13304333
16515888
13369875
721910
721913
16646967
13435415
16646968
13500953
13500958
7274545
787452
16712508
16712512
13632035
13632036
13632042
16712519
13697583
786432
786438
66377
13763120
13763126
13763130
66380
13828671
66387
13894211
12714432
7340085
851977
131925
13959748
13959754
131928
14025293
14025299
851982
851984
263005
12714437
7405627
917525
328547
917531
394086
917533
459625
14287446
14287449
459628
14352989
14352994
14352998
7405628
983074
525170
14418539
14418541
525172
14484082
14484084
14484090
983079
14287084
3867483
14025338
10355469
12779979
7471169
1048616
656251
656254
656259
1048620
721797
14746238
14746241
721803
14811783
721807
14877323
14877325
12779981
12779987
10355474
12845526
7667783
1114160
787346
787351
15008402
15008406
7667785
1179702
7667788
1245240
918425
15073945
918429
15139487
918432
15205026
15205028
15205035
12845528
7733330
1310780
983975
15270573
15270576
15270581
983977
15336121
15336124
983982
15401665
1310785
1049520
1049527
7733332
7733339
12845532
7798878
14025341
3867487
14090883
10486549
12911075
7864418
1572933
1115067
15598278
1115070
1115075
12911076
7929957
1638475
1180614
15794891
15794894
1180619
15860432
1638476
1246158
15925973
1246161
1246164
16057050
1638483
7929961
1704023
1377242
16122588
16122595
1377244
16188134
1377249
16253673
16253678
16253681
7929964
12911080
7995507
1835098
1442791
16319223
16319225
16319229
1442795
16384770
16384773
16384778
1835100
10486552
12976622
8061047
1900640
1900645
1639405
16450316
16450322
1639410
16515861
1639415
16581403
16581407
16581410
12976624
8126586
1966185
1966191
1770491
16646948
1966194
1836029
16712490
16712495
16712497
8126591
2031732
1900544
823
1900551
1900554
131897
131901
2031739
1966094
197440
1966099
262980
262986
262991
1966102
328531
328534
328537
14090887
14090890
3604838
5833267
5833269
9241454
1179759
720952
917583
917585
1310833
1835158
2425059
3670379
5898808
5898814
5898818
9438067
14418162
3933024
14156430
10683165
13042164
8192131
10683170
13107706
13107708
8323205
2162815
8323210
2228355
2097176
394077
394082
2228356
2162718
459622
2162720
525161
525165
2162727
13107715
8388748
2293897
2228264
656241
656244
2228268
2228274
2293900
2293813
852858
10683174
13173255
8454289
2359442
2359447
2359450
2490424
2490431
983932
983936
2490435
1049478
8454292
2424989
2555972
1115017
1115022
8454299
2490531
2621515
2621519
1246099
1246102
1246107
3933030
9438070
14483702
14483704
4064104
14287505
10748714
13238795
8519839
2556070
2687056
2687062
1377182
1377184
1377191
2687065
1442730
1442732
8519842
2621608
2752606
1508272
2752609
1573812
1573819
2752615
1639357
2621614
2621619
2883691
1704897
2883693
1770437
1770443
1770446
13238799
9438074
3670381
5964359
3670386
6029899
6029903
9634685
14614783
14614787
14614790
4260718
14353044
10814254
9634690
14680331
4326259
14418586
10879792
14418590
10945334
13435410
8650918
2687159
2687162
3014770
1835987
3014773
1901527
1901529
2687164
3080313
1967070
3080316
3080323
2098146
2098148
8650920
13435413
10945337
13500955
8781999
2818242
3145861
3145866
2229225
2229231
2229234
3145869
2294773
2294776
2818246
2818248
3276945
2360317
2359296
2359303
8782000
2883789
2883795
3408020
2424842
2424844
3408027
3408029
8782006
2949333
3473570
2621458
2621463
3473574
2687003
2687004
2687010
3473577
2752549
2949339
3539118
3539121
2949341
3604663
2949163
13500959
14418595
11010878
11010883
13632032
13632038
8978617
3014880
3670202
3014700
3014707
3670207
3080245
3670208
3145786
3145788
3014884
3735749
3211331
3211332
3211336
3735752
3276877
3276880
3276884
3735756
3342426
3342430
3342432
8978621
3080426
3801297
3801300
3080430
3866842
3539046
3539051
8978627
3145968
3932383
3604589
3604592
3145973
3997921
3670134
3997926
3735672
3997928
3801214
3801216
3801222
3145978
13632042
9044164
3211517
4129004
3866760
3866764
3866769
4129008
3932311
4129015
3997849
3997854
3997858
3211523
4194555
4063398
4063401
4194558
4128943
4128944
4128948
9044170
9044172
3342596
4260099
4194490
4194494
4194498
4260101
4260036
4260043
4260044
4326260
14484132
11076420
13697583
9109715
3408138
3408142
9109718
9109723
13697586
13697588
9240799
3604753
3604757
4522251
9240803
3670299
4587791
4391122
4391127
9240804
3735836
4653328
4456664
4456669
4456674
3735843
4718869
4522215
4522218
4522222
3735845
14484137
11141961
13763128
9306346
3801386
4849944
4587760
4587765
4849948
4849953
4718840
3801391
4915493
4915498
4849918
4849922
4915502
4915461
4915464
4915468
3801395
4981042
4981044
5046546
5046550
5046552
9306351
13763132
13763139
9437425
3932469
5046585
5112094
5112099
5046591
11141965
13828678
9502964
3998009
5112130
3998012
5177670
5308711
5308713
5308718
5177674
5374259
5374263
11141968
13894218
9568504
9568509
4129089
5243215
5439803
5439804
9568515
4194630
4194634
14484142
14680333
14680339
2425060
2425065
3801463
1835161
1310837
1310843
1966236
2556142
3867002
6160978
9700231
14745878
14745882
14745887
4653946
9700233
14811424
4719487
14615219
11273044
13959757
9634054
13959761
9699592
4325708
5439826
5439828
5570883
5570886
4325713
5505371
5636427
5636429
5505372
5701970
5701974
5505379
5767512
4325718
5570916
5833055
5833058
5833063
5570922
5898602
9699598
4391256
5636462
5964143
5636467
6029681
4391261
5702007
6095220
6095226
13959767
11273051
14025307
9830672
4456802
5767547
5767551
5767552
6291837
4456806
5833093
6357377
6357383
6357384
5833098
6422927
4456808
9830678
4522348
5964172
6488465
6488468
6488472
5964176
6554015
6554018
6554023
5964182
6619562
6619564
6619570
4522355
6029723
14025309
9896216
4587894
6095262
6750646
6750650
6750653
6095266
6816193
4587897
6160807
6881732
6881736
6881742
4587902
9896222
4653440
4653444
6357417
6947283
6947284
6357422
7012824
6357427
9896225
4718985
6422964
7143901
7143907
7143911
4718991
6488506
7209448
6488510
14025313
9961765
9961769
9961772
4915601
4915605
6619586
7340526
7340531
14615223
11338588
14090855
11338595
14156395
10092849
4981146
6685125
7406070
6685129
7471609
6685134
7537151
7537154
4981150
10092855
5046691
6816209
11338596
14221933
10158392
5112231
10158396
14221939
10223937
14615225
4719488
14680767
11469674
14287477
10289476
5308841
6947285
7668228
7668234
7668238
6947290
7733776
7733782
6947295
5308847
10289480
5374385
7078370
7864857
7078374
5374389
7143914
7143916
8061470
5374394
7209459
8127009
10289484
14287483
10355024
5505471
7274999
8192550
8192552
8192557
7275001
8258099
5505473
7340540
7340546
8389175
8389177
8389181
7340549
8454720
8454725
10355031
5571014
7406090
8520266
8520270
7406092
8585809
8585814
8585819
5571017
7471634
8651358
8651361
8651365
7471637
8716906
7471642
8782445
8782451
8782455
5571023
7537183
7537187
8913530
7537188
8979069
10355033
14287486
10420572
5702096
10420576
11469677
14353024
10486118
5833174
7668265
9044611
9044613
7668270
5833179
7733810
7733812
9241225
7733816
9306767
14353028
10551656
5898717
7799356
9372305
9372311
9372312
7799363
7799364
9503388
10551662
5964257
7864905
9568930
7864908
9634468
7864913
9700011
5964263
7930452
9765550
9765553
7930458
9831092
9831098
9831100
10551664
6029800
7995998
7996002
9962176
7996006
10027717
10027722
10027725
6029806
8061547
10093264
10093270
8061548
8061552
10224346
10224350
14353034
10617205
6095347
8127094
10289889
10289895
10289898
8127099
10355439
10355443
10355447
9700239
14876967
4785029
14746306
11535217
14418572
14418579
10748280
6160886
14418582
10813822
6226427
8258175
10420987
8258178
10486526
8258183
6226430
8323723
8323724
10683138
8323728
6226434
8389268
10814213
8389275
10879753
10879756
10813824
6291972
8454812
8454818
11010835
6291976
8520356
11076375
8520363
11141912
11141918
11141921
8520364
11207462
11207464
6291980
8585906
11273005
10813830
6357522
8651447
11338545
11338548
11535221
14484122
14484126
10944906
11535227
14549665
11010447
6488597
8716987
8716989
8716993
11535161
11535167
6488601
8782534
11600705
11600708
11600715
8782539
11666252
6488607
8848077
11731793
11731798
11010448
6554145
8913619
11797339
6554148
8979158
11862877
11862882
11862885
6554153
14549668
11075990
6619694
9110232
9110236
11993960
11993964
11993969
9110240
12059511
6619696
9175782
9175785
12190586
9175788
12256126
14746310
4785034
14811850
14876971
4850573
14877391
11731837
14615210
11141530
6685236
11141532
6750776
4850579
14942928
11797379
14680748
11207073
6816317
9372403
12321666
12321668
6816322
9437941
11207079
11797380
14746288
11272616
11272620
11272626
7078469
9503483
12452747
9503486
12518284
7078474
9569027
12583826
12583831
12583833
9569029
12649375
12649376
12649383
9569033
12714922
12714924
7078477
9634575
12780465
9634576
12846007
11797385
14811828
11338164
7144016
14811833
14811839
11469241
7209557
9765654
12911544
12911549
12911552
11469247
7275099
11469249
7340636
9896729
12977095
9896732
13042633
9896739
13108174
7340642
9962276
13173715
13173717
13173720
9962281
9962286
13304796
4850583
15008470
11862925
11862930
14942915
11534788
14942918
11600331
7471716
10027827
13370336
13370341
7471720
10093365
13435882
10093371
13501421
11862933
15008457
11665871
15008460
11731411
7602799
10158910
13566960
13566966
13566971
7602800
10224449
13632510
10224452
15008474
11928474
15074000
11796951
7668341
10289994
13762560
10289998
13828102
13828106
10290001
13893644
13893651
13893654
7668345
10355540
13959192
13959196
7668350
10421082
14024737
15074004
11862488
7733890
11862492
7799430
10552158
14090279
14090281
14090287
10552163
14155827
14155830
10552166
14221369
14221374
14221376
7799433
7799439
10683240
14286917
10683244
10683251
11862499
15074010
11928039
7930513
10748790
10748792
14549065
14549071
14549074
7930516
10814332
10814337
14680148
14680152
10814342
14745694
11928478
15139549
15139553
12059115
15139557
12124655
8061594
10879881
14811235
8061596
12124656
8127136
11010957
8127140
11076498
14942309
14942314
12124661
8192682
11142036
8192684
11207576
8192688
11928481
15205099
12190201
8258231
11338655
15138925
8258235
8258238
11469728
15204465
15204468
11469735
15270008
15270013
15270018
12190207
8323776
11535273
15335556
15335562
11535279
11535282
15466638
15466641
15466647
8323783
12190211
8389323
11666358
15532184
15532191
11666360
15597731
11666366
15205103
15008478
11994023
14876974
4916120
4916127
3867007
3867009
6292052
9765776
14942515
14942519
5047200
15205089
12059560
15336176
12059565
5047207
5047208
15336166
14942521
5112748
5112753
15467240
12190641
15467246
12256181
15532789
12386822
12386826
8520398
11731906
15728806
15728809
15728812
11731908
15794354
15794356
15794363
11731914
15859902
8520401
11797453
12256185
12256188
15663864
12452367
8585940
11862993
11862997
11863002
16122049
16122054
8585945
11928543
16187593
16187599
8585950
11994083
16253138
16253141
16253144
12452370
8651491
12059620
12059625
12059630
16449759
8651492
12125168
16515296
12125175
16580836
16580843
16580844
8651498
12190714
16646387
16646389
12452374
15663871
15663875
12583450
5112759
6292057
9831318
15008063
2556147
3932550
6357599
9896857
3932554
6423136
9962398
9962400
15204674
15204677
5309370
9962407
6423140
10027944
15335752
5374908
15663856
15663861
12387265
5374912
15729401
15729404
5374918
15794947
12583879
15794949
15794952
12714955
15860484
12714958
15926027
12714526
8848111
12256254
12255232
251
8848115
12320775
65791
12320778
131330
131332
131339
12320782
196876
15335756
5440458
5440460
15926029
15926033
12846034
15991565
12780067
8913655
12386320
8913657
12451861
327952
327957
327961
12451864
12451869
459038
459042
459045
12780068
8979197
12517411
524587
524589
524594
12780073
9044739
12582949
590133
590138
12582954
655678
655680
655687
12846039
16057105
16057111
12911151
9110276
12648495
12648498
786763
9110280
12714038
852302
852304
12714043
917846
917849
9110286
12911153
9175825
12845117
12845120
1048927
1048929
12845124
9175830
12910667
1180006
1180009
9175832
12911159
9241375
13041740
13041746
1311086
9241376
13107286
9241380
13172827
13172830
13172832
16057114
12976698
15926038
5440466
15991576
15991582
1966242
2621686
3998094
6488683
6488687
2621690
1966246
2687230
4129170
4129172
2687232
2687238
917590
1376380
2031787
2752779
2031790
2818317
4391320
6685296
10224559
15401297
15401301
5571540
16057123
13108185
16122652
13042237
9372457
13238374
13238378
9372462
13303916
9372465
13369459
1835378
1835382
1835387
16122659
13107778
13108191
16188198
13173319
16188202
13238859
9569077
9569083
13108193
16057124
13173733
16319279
16319283
13369933
9634623
13566071
1900924
1900931
1900933
9634627
13631609
13631615
2032010
2032013
2032016
9634629
13697153
13369939
9700170
13762694
2163093
2163099
2163100
13762696
2228642
2228647
13762703
9700175
13828240
2359722
13828245
9700176
13893786
13893791
2556333
2556336
2556341
13173736
13173742
16450356
13435478
9765718
13959331
13959334
2687419
2687421
2687424
9765723
14024873
2752966
14024878
2818506
2818509
2818515
13435480
9831260
14090419
2884054
2884056
14090422
2949599
2949600
2949604
16450360
13501022
13501024
5571545
16122664
10224563
15466840
5637086
5637090
5637095
15466845
5702634
16384812
16384816
13370352
16515901
16515905
13632100
10027874
13370359
16581445
16581450
13763176
10093415
14221499
3015145
3015148
10093418
13763180
10158958
14352575
3080690
3080694
13763185
10224499
10224501
14483651
3146232
3146236
13370363
16646991
13828724
10290042
14549188
3211777
3211780
3211786
10290047
13828728
10355585
14680266
3277326
3277329
3277333
16646993
16384821
13435901
15466848
5768175
10224567
15532389
5833714
16515898
16515900
13565953
855
13959806
859
15532394
5899255
5899258
2818322
4456861
6750838
6750841
4456866
6816383
10421177
4456871
2818327
2031795
2883866
4587944
6947459
10486716
15663468
5964799
16712514
13631494
66397
14090882
10486661
10486667
14811343
3342874
3342877
10486668
14876881
3408416
3408420
3408426
14876885
3473964
3473971
14090884
10552210
66402
66406
13631496
5963777
836
841
15663475
10486721
15729013
6094855
15729018
6947460
10552263
15794558
6225929
131916
6225932
6225936
262994
15794563
4587951
7013003
10617800
7013006
7013011
10748877
15925636
2883871
4653489
7078551
10814418
15991179
6422550
328532
13959181
197480
197485
14353035
10617751
15007961
3539508
3539513
15007966
3605055
3605057
3605061
10617755
15073507
3670603
15073511
3736143
3736147
15073513
10617758
15139053
3867221
3867224
15139058
197490
14418575
10683297
15204599
3998302
3998305
15204602
4063844
4063849
4063853
14418576
14418581
13959186
263029
13959191
328571
328575
328579
14680731
10879911
10879913
15335679
15335682
4194931
4194933
4194938
15335685
14680734
10945455
15401227
4326012
15401231
4391553
15401233
4457094
4457099
4457101
328537
328540
14090264
394119
14090270
459656
14811810
11010992
15466772
4522640
4522644
4522651
15466777
11010998
15532319
4653726
4653731
14811812
11076537
15597856
4719268
4719275
459661
14877354
11142079
15663399
4784814
4784819
15663400
4850359
4850360
4850364
14877358
11207616
14877361
459664
14942902
14942905
14942911
15991180
10814422
16056722
6553626
394083
14155810
525206
15008448
11535301
11535307
14155815
14155819
656283
15073989
11600847
11600848
15991085
4915907
4915911
4915913
15991089
15991093
5046988
5046993
5046996
15073993
11666391
11666395
16122169
16122173
5178074
5178076
16122179
5243618
394085
14221359
721821
15139534
15139537
11797468
16187718
5309156
11797474
16253258
11797478
16318796
5440235
5440237
16318800
5505778
16318804
5571319
5571322
5571327
15139541
721826
15205081
11928554
16384345
16384348
5702402
16384354
5767940
5767945
5767948
11928557
16449895
5833488
5833494
16449898
15205085
11994096
16515438
5964569
5964574
11994102
16580979
6030115
6030116
6030122
16580982
6095660
6095664
6095669
16580984
6161208
6161213
6161218
15205089
14221362
787367
787368
787374
14221364
852912
15467236
12125176
16646526
6226757
6226760
6226765
16646530
6292307
6292310
6292312
16646535
6357854
6357857
6357860
12125181
852916
15532778
12189696
6553628
16056725
6619169
6619175
16056731
7078552
10879961
16122271
6750251
656235
6750254
721774
14352441
918459
918463
918467
15729388
12255237
12255240
131464
131470
6488939
131475
6554476
15729392
12320782
197014
6620018
197017
197023
6751093
6751099
6751101
12320785
262562
6816640
6816645
6816648
12320788
14352445
984004
15794934
721776
14417985
1049545
15860475
12451867
393639
6882190
6882194
6882196
393641
6947736
6947741
12451869
12451872
524719
7013280
7013287
7013290
524721
7078829
7078835
7078839
524724
7144378
10879964
16187810
6815795
787318
14483525
1115085
15926013
15926019
12582949
590267
7209917
590270
12582954
655809
7340995
1115091
15991558
12648495
721348
7406534
721355
7472072
721357
7537613
15991562
12714032
786897
786902
7668691
786906
7734231
7734232
7734238
15991566
12779575
1115095
16057104
12845115
917982
7799777
6815797
852858
14549067
14549071
1246168
16122647
12910654
983523
983527
7930854
12910658
1049067
1049069
8061931
1049074
8127471
16122649
12976197
1114615
8193011
8193014
16122654
13041736
13041742
13041745
1311227
8258553
8258559
1246172
16188194
13107287
13107288
1442300
8323075
13107292
1507842
8388614
8388617
8388620
1507844
16188196
13172835
1573385
1573389
8585232
8585236
8585241
13172836
1638931
1638932
8716319
13172840
1704475
8781859
1704479
8847397
8847403
1704482
8912941
16188201
13238382
1770022
8978483
8978487
8978488
1770027
13238387
1835564
1835570
9175100
1835573
9240641
9240645
13238390
1246176
16253743
16253746
13369467
1966651
9306185
9306188
9306192
1966654
9371735
16253748
13435005
2032192
9437273
2032197
9502814
9502818
9502820
2032202
9568361
9568365
9568370
13435009
2097741
9633910
9633912
2097747
9699452
9699456
2097748
9764997
9765003
13435013
2163288
9830540
2163295
9896080
9896084
9896090
2163298
9961628
9961635
14549073
852862
14614613
1377255
14614616
1442795
16384826
16384831
13566090
2228837
10027174
10027177
2228842
10092717
13566094
2294380
10158256
2294385
13566097
2359925
2359931
10354871
10354872
2359934
10420414
1442797
16450371
13631636
2425472
10485952
10485957
10485960
2425477
10551502
10551507
10551511
6815803
918402
14680157
1508337
16515911
13697177
2491016
10617048
10617053
10617057
2491022
10682597
10682600
10682606
13697182
13697184
16515912
13762726
2687635
10748145
10748149
2687637
10813689
10813692
10813698
2687642
10879236
13762728
2753181
10944779
10944780
10944785
2753187
14680160
1573876
16581454
1573880
1573886
16712531
16712535
13959343
2818724
11075863
2818731
11141401
11141405
11141408
13959345
2884269
13959351
2949808
2949814
16712536
14680165
918406
14745704
1703937
862
14090427
3015352
3015357
14090428
14090433
3146432
11534631
3146437
3146441
11665705
864
14155973
3211980
11731247
871
14221515
3277523
11796786
1703941
66409
14287052
3343060
11862326
11862330
3343067
66415
14352592
3408607
11993404
11993409
11993415
3408609
12058952
3408615
12124492
918408
16187815
16187816
6946877
7078559
10945505
16253356
7012416
1049487
14876782
14876784
1835019
131952
131956
1835021
197496
14549207
3474154
12190034
12190038
3474158
197500
14614747
3539698
12321115
12321116
3539701
3539705
12452193
12452197
14614751
3605247
12517736
12517742
12517746
3605250
12583284
12583291
12583295
1049490
1049492
10945510
16318898
7077956
1115035
1115037
15138934
1900561
263041
263047
14745826
3670789
12648833
3670793
3670799
12779910
14745829
15138936
1966101
328585
328588
1966106
1966109
459666
14942443
3801874
12845451
3801877
12910988
12910995
12910998
3801882
12976538
12976541
14942447
459668
15007986
3932959
13042083
13042087
13042090
15007989
3998497
13107629
13107634
3998502
13173172
3998507
13238712
13238717
15007992
4064044
13304259
13304261
459672
15073533
15138943
2031651
525213
15139075
4195123
13369801
13369804
13369811
4195126
13435348
15139076
4260666
13500888
13500894
13500898
4260668
13566437
4260674
13631978
13631981
15139082
4326212
13697521
13697526
525216
15204622
15204626
4457290
13763066
13763069
13763073
15204631
4522831
13828615
13828617
7077962
1180577
15204483
2097191
2097195
2097197
721831
721832
721836
15401240
4588371
4588372
13959694
13959699
13959700
15401247
4653912
4653918
14090779
14090781
4653922
14156322
14156326
14156328
15401249
4719461
14221870
14221875
4719467
14287414
14287416
14287421
15204487
2162738
787377
15466791
4785007
14352962
4785008
14418502
14418507
15466792
4850549
14484044
14484049
2162742
852917
852923
15597869
4916088
14549589
14549594
4916095
14615134
14615136
14615143
4916099
852927
15663411
4981636
14746217
4981642
4981647
14877292
14877296
2162744
918464
918471
15794486
5047185
14942839
5047189
15008378
15008383
15794489
5112731
5112732
15139459
5112736
15204996
918472
15860030
15860034
5243815
15270536
15270540
15270547
5243817
15336085
15336090
15204488
2228284
984014
15925575
5309359
15401631
15401635
5309360
15467172
15467179
15925579
5374901
5374906
15598255
1180583
1180584
15335567
16318901
7143501
1246125
15401104
2359363
1049555
15991117
5440446
15663793
5440449
15729334
15729337
5440455
15794876
15794882
15794886
15991123
5505993
15860427
15860428
1049556
16056662
5571533
15925969
15925974
5571537
15991514
15991519
15991520
1049560
16122202
5637079
16057061
16057065
16057070
15401109
2424902
2424904
16318907
4653494
7144098
11011049
16384444
7274577
1311667
15466648
2490446
2490450
1311711
16187742
16187746
5768154
16122609
16122612
16122616
1311712
16253285
5833693
16188156
16188162
16188164
16253291
5899232
16253704
16253708
5899237
16319249
5899242
16384789
1311718
16318828
16318835
6030316
6030323
16515866
6030324
16581405
16581409
16318836
7274582
16384448
7144100
11076589
16449991
7405656
1442742
15532190
2555989
1377258
1377262
16449914
16449917
6226936
16646950
16646952
16646959
6226943
16712496
16712503
6225920
827
1377265
16515458
6291462
66367
66371
66373
6291465
16515462
6357007
6357009
2555995
1442805
16581002
16581005
6488087
328520
328526
328529
6488089
394070
6488092
459610
1442810
16646544
6553633
6553639
6553640
656222
16646550
6619181
6619186
787297
787303
16646552
6684724
852842
852844
6684731
6684735
983923
983927
1442813
16712095
16712096
6815809
1049467
1049468
1049474
6815813
1115015
1115018
1115021
6815816
16712103
15532192
15532198
2687069
1507329
425
6946894
6946897
1311633
1311636
1311643
6946902
1377182
431
7012441
1442721
1442727
1442730
7012447
1508270
1508273
435
7077987
1573814
1507335
65972
65979
7209061
1639355
1639357
1639362
2687075
1572874
131518
7274601
1704900
1704906
1704908
7274604
1770451
1770453
131523
7340147
7340150
1572877
197061
7405689
1967064
1967069
1967075
7405694
2032615
2032616
2687079
1638416
262600
262606
7536771
2098156
2098162
262608
7602308
2163702
2163707
2163708
7602313
2228227
7602317
2293765
1638421
328148
7667859
328155
7733397
2424841
2424844
7733401
2490385
2490391
2490393
7733404
2555934
2555938
2555943
7144105
11142128
16515529
16515533
7536732
1508283
1508284
15663272
15663277
2818154
1703960
1703967
459231
1703970
2818157
1769509
590307
7864483
2621481
2621484
2621490
7864486
2687028
2687032
2687038
590308
7930025
2752578
7930031
2818118
7930033
2883658
1769514
655849
2818162
1835053
721391
8061110
2949197
8061113
3014738
3014743
721393
8126655
3080283
3080287
721398
8192194
3145826
8192198
8192201
3276903
3276904
3276908
1835057
15663281
2883702
1900598
852473
852479
8323278
852482
8388817
3407986
3407988
3407993
8388823
3473534
1900602
918023
8454361
3539074
3539079
3539081
8454364
8454368
3670159
1900606
2883705
1966146
1049096
1049100
8585444
3735699
3735701
3735705
1049104
8650986
3801246
2883709
2031687
1114644
8716527
3866784
8716529
1114650
8782071
3997862
8782072
8782076
4128937
1114654
8847618
4194477
4194482
4194486
8847620
4260026
4260030
8847627
4325571
4325575
2031690
1180195
8913167
4391114
1180198
8978706
8978711
4522189
4522195
4522197
8978714
4587736
1180203
9044255
9044258
4718812
4718818
2031693
1245740
9109797
9109802
4849894
9109804
1245747
1508291
15728821
2949251
2949254
2162768
1311286
1311291
9306417
4980969
9306423
5046511
5046512
5046518
1311295
9371960
5112059
5112060
9371967
9371968
5243138
5243143
2162772
1376834
9437511
9437515
5374218
5374220
7536737
1573828
15794363
3014795
2228313
1442374
1442378
9568589
5439762
5439766
5439770
1442382
9634131
5505309
5505315
5505317
9634132
5570859
5570862
5570866
2228319
1507922
9699675
5636407
5636409
5636414
9699676
1507925
9765218
9765222
5833026
1507929
9830761
5898564
5898568
5898573
9830765
5964113
5964118
5964121
2228322
1573468
9896304
9896308
1573473
1573479
3014799
2293860
1639019
1639022
10158456
6160732
6160736
10158461
6226276
6226283
6226286
2293864
2293868
1770097
15794365
3080338
2359408
1835639
1835641
1835645
10420608
6291827
2359413
1901184
10486148
6357366
6357371
10486153
6422910
6422915
6422916
1901188
10551692
6488457
6488462
10551698
1901195
15794371
3145879
2424954
1966733
10682775
6619538
6619543
6619544
1966736
3145881
2490494
2032276
2032281
2490497
2097821
2097824
1573833
15859910
1573839
15925448
3276957
2556039
2163364
11075992
6685087
6685091
6685095
3276961
2621576
2228906
2621582
15925452
3342502
2687120
2359981
11207069
6750634
6750638
6750643
11207075
6816183
6816186
11207079
6881724
6881730
6881735
2687125
2425522
11272617
6947272
11272620
7012815
2425526
11338163
7078355
7078358
11338167
11338168
7209432
2425528
2687130
3342504
3342510
2818205
2556606
11469246
7274972
11469248
2818210
2622147
11534790
7406051
7406054
11534794
7471595
7471599
2622150
11600332
7537139
7537142
7537144
2818214
2687690
11665873
7602686
7602689
7602695
11665876
11665882
7733769
7733774
7733776
2687693
11731420
7799318
7799320
2687698
16515538
7602279
1639378
15990994
1639381
7602282
11142135
16581079
11142136
16646617
7733358
1770457
16122071
3473585
2883752
2753238
11862497
2753240
11928036
7930396
7930401
2753245
11993576
7995940
11993583
16122072
3539124
2949292
2818785
12059120
8127018
12059124
8192557
12059129
8258098
8258103
8258107
2818789
12124669
8323647
8323651
12124674
8389190
8389192
8389197
12124676
8454736
2949298
2884331
12190217
8520277
3539130
3014838
2949868
12255757
8585816
8585823
3014842
3015410
12321296
12321303
12321304
8782432
8782438
3015415
1770460
16187614
3604669
3080380
3080955
3080958
12517918
12517920
8913512
8913516
12517924
8979057
3604673
16646623
7798899
1836000
1836004
16318689
3670215
3211457
3146499
12583465
9044597
9044603
12583471
3146500
3670217
3276998
3212043
3212046
12780081
9175678
9175681
12780086
9241221
9241226
12780090
9306766
3212050
12845628
9372307
9372309
9372313
12845633
9437853
9437856
12845637
9503396
9503403
3277000
3277007
16646625
7864437
1901547
16384228
16384233
16384237
1901548
16449778
3932366
3932370
3408083
3408661
12911178
9568940
3408084
3474201
12976718
9634482
9634486
3474207
3474210
13107794
13107799
9765562
9765564
9765569
3408091
3539750
13173338
16449783
3997911
3473630
3605291
13238879
9896644
9896650
13238881
13238884
10027727
3605293
13304425
3473632
3473637
3997912
3539179
3539181
3867441
13369964
10158801
10158804
3867446
3867450
13501042
10224345
13501047
10289885
3539187
3932989
13566584
10355425
13566589
13566594
10486502
16449787
7864440
1967089
16515325
16515331
4194527
4653498
2883873
4719036
7275181
7275184
11273214
1376384
2097332
2949413
2097338
3014953
4850113
7340724
11337729
484
7929982
2032631
16580868
4260064
3670260
3998528
13632134
10552042
10552044
10552051
13632138
10617588
10617594
10617597
13632140
3998533
4260070
3735803
4064075
13763219
10748674
3735806
4129612
13828758
13828760
10879751
13828767
10945288
10945293
10945299
4129618
13894307
11010836
11010843
13894308
11076380
13894315
11141920
11141924
11141930
4129622
13959853
11207469
11207472
13959857
11273012
11273019
11273021
13959861
11338560
11338566
11338569
16580873
4325611
3801347
4195161
4195164
14090937
4325612
3866886
4260705
14156477
3866891
16580877
4391155
3932430
4391782
3932433
4457321
14287555
14287559
14287560
11666255
4457326
14353103
14353107
4457328
14418646
14418651
11928400
4391156
4391160
4063508
4522871
14484189
14484195
4522874
4063513
2032633
16646419
4456703
4129054
4129059
4719486
14615268
12125013
12125016
14615275
12190558
12190560
12190566
14615276
12256105
12256111
12256115
4719491
14680816
12321654
12321659
14680821
12387199
12387200
12387204
14680827
12452744
12452751
12452752
4719495
4129063
4785033
4785038
7929984
2098172
16711959
4522243
4194600
4850578
14942972
14942978
4522247
4260143
4916116
15008516
12649365
12649370
15008520
12714911
15008527
12780449
4916122
15074067
12845991
12845994
15074068
12911534
12911538
12911541
4522249
16711961
4587789
4391216
4981660
15139610
15139615
13042616
4981666
15205155
13108156
13108161
13108167
4981671
4391221
5047209
15336228
13173705
13173711
13173712
15336233
15336239
13304791
13304792
16711965
4653329
4456763
5112751
15401779
5112753
15467319
13435871
5112758
15532858
13501408
15532862
15532867
13632484
13632489
13632494
4456766
5178298
15598405
13698033
5178302
15663947
13763574
15663948
13829114
13829117
13828099
4653332
4522306
5243843
15729490
13893637
15729492
15729498
14024712
14024716
4522309
4522312
5374916
2097153
291
293
2097158
65833
65838
4915482
4915487
4653389
4653394
5505993
5505998
15926111
14090258
15926114
14155798
15926116
14221338
5506000
15991658
14286878
14286880
15991663
14352421
14352427
15991664
14417966
14417970
14417974
7929988
488
7995529
2228232
131378
4981024
4718935
5571541
16057207
14483515
14483516
14483523
16057208
14549062
5571547
5571551
16188286
14614602
14614606
16188289
14680145
14680151
4981029
4981033
131382
2228236
196923
5112111
4915547
5637091
5637095
5637099
4915548
196925
5177649
4981088
5768174
16450437
5768179
16515976
14811225
14811231
14811233
5177653
5177657
5112165
5833718
16581517
14876774
14876779
14876780
16581520
14942323
14942327
14942329
196929
7995535
2293777
262470
11337735
66028
8061074
66033
8126612
2424853
328010
5374268
5177707
5177709
5964794
5964798
16712597
15007869
15007872
15007876
16712602
15073419
15073421
15073426
5963776
5177712
6029317
66462
15138966
66465
15204504
15204511
15204512
6029320
132007
15270054
15270057
15270062
6029326
197545
15335603
197548
197553
15466677
5374275
5243255
6094866
263092
15532219
15532222
15532226
263099
15597766
6094871
6094872
5243256
328015
5439815
5308797
6225948
459710
15663305
459712
15728844
15728851
6225954
328019
2424859
393556
393562
5636427
5374338
6291495
5374340
5636429
5439880
6422568
656325
656331
15859926
15859931
6422574
721868
15925470
721874
15991008
15991015
15991018
721877
16056557
16056563
6422579
5439885
6488116
393566
5701968
5505427
6553659
918490
16122102
16122106
16122109
918495
918498
16253186
16253191
5505431
5505433
6684732
5701975
5570974
2424863
459107
5767513
5636514
6815811
1049574
16318730
16318733
5636519
5636520
5767519
459110
5833058
5767597
7012422
7012425
1180651
16384275
16384277
1180654
16449819
16449820
16449825
5833060
8126618
2490400
2490405
590184
5898602
5898606
590191
5964146
6029744
7077967
1246194
16515367
7077971
1311732
16580905
1311738
6029751
7143511
7143514
1442812
16711981
16711986
16711988
1441792
312
1441798
7143517
1507337
131391
131395
5964148
6095290
7209059
1572879
1572883
1572886
328004
328009
6095295
7274599
1638426
393550
393555
393557
6095296
7340139
1703964
459099
459101
459104
1703968
2490409
655729
6029688
6160839
6160842
7471214
1769509
590183
590186
1769514
655725
655728
655733
1769516
7471219
1835057
786808
786813
786817
7471220
1900597
852357
852362
6160846
7536763
1966138
917900
917906
7536764
2031677
983447
2031682
1048987
7536771
2097221
1114524
6029692
655732
6095232
6291923
7602311
2162761
1180064
1180071
2162767
1245610
6291925
7667848
2228307
7667852
6291928
7733392
2359381
1376687
655739
6160775
6357470
6357473
66039
3014959
4915652
4915658
2097342
3080499
4981197
7537339
7537343
11468809
7537344
11534348
4981202
7602885
11599891
11599895
11599898
7602889
11665436
459257
459261
8323231
2555949
721279
6226315
6423012
7930005
2424923
1442225
2424927
1507767
2424931
1573307
1573308
1573312
7930008
2490468
1638854
1638858
2490472
1704399
7930012
721280
6291854
6291858
6554088
7995552
2621551
1769936
1769943
1769944
2621552
1835486
1835489
2621556
1901031
1901032
6554093
8061094
2687098
1966573
1966578
1966583
2687100
2032123
2032127
2687105
8061096
2752645
2163201
2163206
2752651
6291860
6619635
8126639
8126642
6619637
8192182
8192185
3014799
2294280
2294286
2294289
3014802
2359829
2359833
2555955
786820
6357401
6685176
6685180
8323260
8323264
3145878
2425375
2425379
2425382
3145880
2490920
2490924
2490930
8323271
3211421
2556468
2556475
2556476
6357406
6750723
8388809
3276963
2622019
2622023
6357408
6816261
8454351
3342502
2687561
2687567
2687570
786824
6422951
6422952
6422959
7012874
8519888
3408041
2753109
3408044
2818650
2818655
2818659
8519893
3473586
8519898
3539125
3539130
3015269
3015275
3539135
3080812
3080817
3080820
7012879
8585438
3604673
3604677
3604683
3277435
3277437
3277443
8585443
3670221
3342983
3342987
3342988
3670225
3408530
3408534
3670229
8585446
3735769
3539611
3539614
3539616
7012883
11665443
524803
524805
8454307
2621494
852366
6488499
7078420
8716520
8716525
3866846
3605156
3866849
3866853
8716529
3932395
3801768
852371
6554037
2621498
917911
6619578
6619583
6619587
2621503
983451
6685127
7406107
8782070
3997933
3997936
7406109
7406113
8913146
4063479
4063482
4063916
4063920
8913150
4129020
4129461
4129464
4129468
8913155
4194562
4194564
4260544
4260551
4260552
4194570
4326094
4326097
4326101
6685130
7471654
8978695
4260111
8978697
4325651
4325653
4522713
4522719
4522723
8978702
4391195
4588263
4588267
4588270
4391198
4653810
4653812
4391201
4719353
4719358
4719362
7471659
9044243
4456743
4784903
4784904
9044246
4522280
4850445
4850448
4850454
6685132
7537198
9109785
9109791
4653358
9109792
4718897
4981531
4981532
4718900
7537201
7537205
9240869
9240874
4849979
4849981
5178146
5178150
5178152
9240876
4915521
5243692
5243699
5243701
4915527
5309242
5309246
4915531
5374785
983455
6750675
7602746
9306419
9306423
5046606
5440326
5440329
5440332
5046609
7602751
9371960
5112148
9371967
5177689
5636946
5177693
5702485
5702490
7602755
9437507
5243233
5768031
5768035
5243237
5243240
5899109
5899112
524809
11665445
590350
8585382
2687041
2687044
2687050
1180064
6816215
7668292
9503047
5308781
9503051
5374321
6030191
6030192
9503055
5439862
6095732
5439864
6161272
5439868
6226814
6226818
7668296
6816216
6816223
7799374
7799377
8585387
2752590
1245607
1245608
6947297
7864918
9765201
5505410
6292358
6292361
6292365
5505414
6357907
6357910
9765205
5570955
6423449
6423453
6423458
5570958
5570962
6554535
6554538
9765208
590353
7602893
4981205
7668435
7668439
11862057
655894
8716460
2818131
1311149
7012837
7012841
7995994
7995999
9896286
5702036
5702043
6685615
6685616
6685620
9896289
5767582
6751162
6751164
6751168
5767587
6816709
7012844
1311155
7078387
8127075
9961828
9961834
5898663
6882251
6882254
6882256
5898665
6947796
8127079
7078388
7078393
8258155
10092911
5964204
7013336
7013342
7013345
1311159
2818134
2818138
1442235
1442236
7275005
8323692
10158448
6029744
7078885
10158454
6095286
7144426
7144428
8323698
8323702
10289530
10289532
6226362
7209971
6226366
7275511
6226371
7341048
7341053
10289536
7275011
8389240
7275015
8454781
10420615
6357445
10420616
10420620
6488520
1442241
7340555
8520320
10486163
6554063
8520326
8520329
10617239
10617243
6685138
6685142
10617245
8716466
2883676
1507782
7406095
7406099
8651405
10682784
6816218
6816222
10682791
10682793
6947298
6947301
6947305
8651408
10748332
10748336
1507785
7471636
655896
8782007
2949217
1573326
7537176
7537183
8848021
10813879
7143916
7143923
8848025
10879417
7209460
10879422
7275003
7275006
7275010
655902
8847545
3014758
1638866
3014761
1704404
7668258
8913564
10944962
7340551
1704409
7733796
8979106
11010503
7406089
7406093
7406097
7733800
9044644
11076042
7733806
9110186
11141581
9110190
11207120
7602710
7602712
11207126
11207131
9110195
11272670
11272672
7864862
7864867
11272677
1704414
11862063
721442
8913085
721446
8978625
8978629
3211374
1769954
7864882
9175733
11338218
11338221
8061478
1769959
7930421
9241275
9241278
9241283
11534832
8127019
11534838
8192557
8192561
7930424
1769963
7995965
9372356
11600379
8258100
11600380
8323642
8323646
11600386
8389186
8389190
9372360
11665927
8454731
11665928
8520271
3211376
3211383
8978634
3276920
3276925
2032109
8061504
9437901
11731468
8585808
11731473
8651351
8651352
11731478
8716895
8716897
9437905
11797019
8782439
11797022
8847976
11797026
8913519
8913522
8061510
9503447
11862564
8979061
11862569
9044600
9044604
9044611
9503449
11928111
11928115
9175684
11928119
9241224
9503455
11993658
11993660
9372302
11993667
9437842
9437847
9437851
3080501
5046745
5046748
7799515
11927603
11927604
852522
852525
9109709
3342466
2097649
8127050
9568995
8127054
9634533
12124742
9503388
9503392
9503396
12124747
12124751
9634475
9634478
9634483
9634539
12190288
9700020
9700027
9700029
12190293
9765570
9765574
9765579
3342470
9109713
3408011
2228724
8192595
8192599
9765614
12255835
9831119
5046752
7865054
11993147
918067
9175255
11993151
983606
9240793
3539085
2294264
8258136
8258142
9896691
12321373
9896659
12321376
9962196
9962203
12321382
10027740
10027744
10027749
9896694
12386922
10093288
10093293
10093299
12386926
12386930
10224374
10224378
8258145
9962234
2294271
8323686
10027774
12518005
10289917
10289922
10027779
12583546
10355460
10355464
10355471
12583548
10027782
12649090
12649093
10552080
10552087
9240797
3604625
2359811
2359812
8454762
10093321
12714633
10617627
10617630
10617634
12714636
10683174
10683179
10683182
12714640
10748722
10748724
8454765
10158862
12780181
10814265
10814268
10158866
12845723
10158870
12911262
12911265
11010880
11010885
2359816
983611
9306338
3670165
3670169
2490895
8585840
10224409
12976804
11076424
12976810
12976813
11207501
10224413
13042355
11273040
10224417
13107894
11338580
13107897
13107902
11469656
11469663
2490897
8651383
8651387
10355494
13173442
11535201
10355499
2490903
8716925
10421038
13304516
11600743
3670173
2556443
8782466
10486578
13370057
13370061
10486581
13435602
13435607
13435608
11928425
11928431
10486585
13501151
11993969
11993973
11993976
13501154
12059517
12059522
2556444
8848005
10552125
13566694
13566696
12190599
12190601
10552128
13632238
13632240
12321676
12321683
12321686
8848008
10617671
13697780
12387224
12387231
12387233
13697785
12452775
9306342
3735715
2621985
8913550
10683209
10683215
8913554
10748754
13894399
13894403
12583849
12583853
12583859
10748759
10748762
14025479
12649396
14025483
12714936
8913559
2621988
8979097
10879838
14091022
12780477
12780483
12780484
14091024
12846026
12846031
12846034
10879840
14156567
14156569
12977111
12977113
12977118
14156574
13042659
13042663
10879846
3735718
2687528
9044639
10945384
14287649
13108200
13108207
13108208
14287652
13173748
13173753
13173757
14287657
13238272
2687533
9110177
11010927
14353199
13303813
14353201
13369352
13369359
9110180
11076465
14418740
14418746
2687538
9175722
11142006
14484286
13565968
11142009
9175724
9175730
11273087
14615361
14615366
13697045
13697051
11273091
14680904
14680909
13828127
13828130
13828135
11993155
1049148
9371883
3801256
2753078
9241268
11338629
14746449
13893672
14746453
13959215
13959217
13959222
11338635
14811995
14024761
14024767
14024770
14811996
14812001
14155846
14155849
14155852
11338638
14877541
14221393
14221397
14221401
14877544
14286940
9241275
3801260
2818617
9371885
3866800
3866806
9371889
3932346
3015230
9372351
11469713
11469717
11469723
9372354
3015234
9437892
11600798
15139693
14352482
14352487
14352488
15139696
11600800
15205237
14483567
14483569
14483574
15205242
14549114
14549119
14549122
9437896
11666343
9437900
11731880
11731885
15401853
14614663
14614664
11731891
15467393
14680206
3932349
7865058
12058695
1114691
1114692
9502967
3997888
3146309
9503440
11797429
15532932
14745745
14745751
14745755
15532939
14811295
14811296
14811302
9503445
11862969
15598477
14876841
14876844
11862975
15664017
14942384
3146313
9568986
11928515
15729557
15007924
15729561
15073467
15073471
15729565
15139008
15139015
3146316
9634524
3997895
3997897
3277395
9700066
12059590
15795106
15204554
15204556
15204561
15795111
15795113
15335639
15335641
15335645
3277399
9502970
4063437
4063442
3408473
9831142
9831144
9831149
12256203
15860652
15401187
15401190
15401193
15860659
15860661
15532270
12256205
12256211
15991739
15597810
9502972
4128981
3474013
3474018
9962227
3474020
10027766
12387286
12387288
16122814
15663348
15663353
15663357
16122818
15728898
15728903
15728906
1114696
9568515
4194520
3539560
10093307
10093308
12518365
16188358
15794447
16188360
16188365
15925520
10093315
12583906
16253904
15991060
15991064
16253910
16056606
9568517
4260060
3605101
10158855
12649447
12649451
16384987
4260067
3670643
10224394
12714988
16450525
16187683
16187685
16187690
12714992
16516065
16516068
16318765
12714997
16581608
16384304
16581612
16449845
10224397
12780537
12780542
10224402
3670647
10289941
12910593
1009
16515387
1014
16580927
16580930
1016
16646468
16646472
12910599
12910601
132094
16712012
16712019
16712023
131072
131076
65883
65885
65889
4260071
3736186
3736191
10421019
12976141
12976145
10421023
13041684
327691
131428
131435
13041689
393230
196972
196977
393235
262516
262521
13041695
458774
458777
393599
393603
3736194
10486561
13107233
524316
10486564
13172775
13172776
655393
655397
590215
590216
655402
13172783
720940
720947
786829
720949
852369
10486568
13238321
786490
917909
13238327
13238329
917565
983450
983452
917568
1048992
1048999
917574
1114537
1114541
12058697
1180237
9634058
4325608
3801734
10552110
10552115
13369404
983113
1180082
983116
1245621
983122
13369411
13369412
1114199
1376699
1114200
1442237
1442242
10552118
13434954
1179741
13434958
1245282
1573319
1245286
3801737
10617659
10617663
13566035
1310826
1704395
13566036
1376366
1376368
1835470
1835474
1835476
13566043
1441910
1901017
1901021
3801742
10683202
13631583
1507448
1507455
2032096
2032102
13631585
1572993
2097642
2097646
2097650
13631591
1638532
2163188
2163194
10683206
13697131
1704073
2228735
1704079
2294274
1704083
13697135
1769622
2425351
1769627
2490888
1769629
10683211
13762672
1835169
2621965
2621970
4325615
3867280
10748748
13828215
13828218
1966246
2687508
2687513
2687517
13828221
2031784
2753057
2753060
10748755
13893763
13893765
4325619
3932822
10814295
13959306
13959308
2293932
2818602
2818604
3932827
9634061
9634065
12058700
1245776
9699605
7865060
12124243
12124246
1376852
9765147
4587767
3998365
10945368
14024851
14024854
14024857
10945373
14090398
2556080
2884145
2884149
2884153
3998368
1376859
1376860
3080505
5112295
7930601
12189786
1442400
1442407
12189788
12189794
1573483
10092830
4653305
4063908
11076449
14155939
14155942
2687157
2949692
2949699
2687162
3015238
3015243
2687164
4063914
11141989
14221480
2752707
3146316
2752710
3211858
3211863
2752712
3277401
3277404
14221485
14221488
11141995
14287029
2949326
3342944
3342950
3342955
2949328
3408495
3408499
2949334
3474039
3474040
3474047
14287035
3014874
3014876
14287036
3080417
3670657
3670661
3080423
3736201
3736205
3080425
3801745
4063919
4653309
4129458
4129461
11338604
14352576
3145967
3867287
3867290
14352581
3211504
3932829
3211510
3998368
3211512
4063908
4063915
4063919
14352587
11338611
14418126
3342591
4129457
4129460
4129464
3342595
4195005
4195009
4195012
11338615
14483667
14483670
3473671
4260553
4260558
3473673
4653315
4195000
10092834
4718853
4718858
10092837
1573487
10158377
4849933
7930607
12255332
1639025
10223916
4915474
4457151
11469688
14549211
3539215
4391635
4391638
4391643
14549212
3604752
4457182
4457186
3604757
3604762
4588262
14549218
11469694
11469697
4915476
1639028
10289458
4981016
4588224
11535236
14745830
3735838
4653801
4653807
4653810
14745832
3801378
4719350
4719352
4719358
14745839
3866919
4784898
4784903
3866920
11535242
14811378
3932462
4915979
4915983
4915985
4588231
11600780
14876917
3998002
4981526
4588235
11666323
14942457
4063540
5047064
5047069
4063547
5112608
5112612
5112618
10289460
5046557
5046561
4719309
11731863
15007999
15008003
4194621
5178156
4194624
15008005
4260164
5309234
5309238
5309240
4260168
5374781
5374785
5374790
4260172
11731866
15073547
4325712
15073550
4391253
4719312
11797406
15139090
4456794
5636936
5636942
4456799
5702482
4456801
15139095
4522343
5833559
5833561
5833567
4522345
5899104
15139098
4587887
5964646
5964648
4587889
6030190
6030194
6030199
11797411
15204637
4653429
6095737
6095740
15204642
4719318
11862951
5046567
4784858
4784863
11994024
11994031
15401253
15401258
4850042
6161280
6161284
6161291
4850046
6226830
6226834
4850050
6292375
6292379
11994034
1639033
10355000
5112107
4850400
12059575
15532333
4915589
6357916
4915593
6423458
6423463
6423465
4915598
6489005
6489009
15532336
15532342
5046674
12059577
4850404
12125119
12125122
15728955
5112215
6620087
6620090
4850410
12190662
15794492
5177754
6685629
6685633
12190667
15860035
5243294
5243296
6816710
5243303
15860037
5308841
6947784
6947790
5308844
7013330
7013332
5308850
7078873
7078876
7078880
10355005
5177647
4915950
12256204
4915953
5177650
4981493
12387283
15991113
5374391
5374394
7209956
5374398
7275497
7275501
7275507
15991118
5439937
15991121
5505478
7406580
7406587
7406589
12387284
16056662
16056665
5636553
16056669
5702092
7536640
7536645
5702097
7602184
7602191
5702103
7667729
7667732
7667736
12387288
4981498
12452830
12452833
16253283
16253284
16253290
5898715
7733279
5898716
7798816
5898722
7864357
7864363
10355011
5243189
393255
131101
65548
65553
262147
