16392
32780
49168
65556
81944
65564
114720
131108
147496
163884
180272
196660
196664
229436
180288
262212
278600
262220
180304
327764
344152
360540
163936
147556
409704
426092
442480
442484
475256
475260
508032
524420
426120
409740
573584
589972
573592
622748
622752
409764
147624
688300
704688
721076
737464
737468
770240
786628
803016
819404
835792
852180
868568
884956
901344
917732
934120
950508
917744
983284
999672
983292
901376
1048836
1048840
1081612
1098000
1098004
1081624
1147164
1163552
1179940
1196328
1212716
1229104
1196340
1261880
1278268
1294656
1311044
1327432
1327436
1311056
1376596
1376600
1409372
1425760
1442148
1458536
1442156
1425776
1409396
1524088
1524092
1294720
1278340
1589640
1261964
1622416
1638804
1655192
1622428
1687968
1687972
1720744
1737132
1753520
1769908
1786296
1802684
1819072
1835460
1851848
1868236
1819088
1901012
1901016
1802716
1786336
1966564
1982952
1982956
2015728
2032116
2032120
1966588
1769984
2097668
2097672
2130444
2130448
1737236
2179608
2195996
2212384
2228772
2245160
2212396
1180208
2294324
2310712
2294332
1147456
885316
2376264
868940
2409040
852564
2441816
2458204
2474592
2490980
2507368
2474604
2441840
2556532
2572920
2589308
2572928
836228
2638472
2654860
2671248
2654868
2704024
2704028
2736800
2753188
2769576
2785964
2769584
2818740
2835128
2851516
2867904
2867908
2753224
2917068
2917072
2949844
2966232
819932
2999008
3015396
787176
3048172
721648
3080948
3097336
3097340
3080960
3146500
3162888
705292
3195664
3212052
3212056
3195676
3261216
3277604
688936
3310380
131888
3343156
3359544
3375932
3392320
3359556
3425096
131916
115536
3474260
3490648
3507036
3523424
3539812
3556200
3539820
3490672
3605364
3621752
3638140
3654528
3670916
3687304
3703692
3720080
3736468
3752856
3752860
3736480
3802020
3802024
3720108
3851184
3867572
3883960
3900348
3916736
3933124
3949512
3965900
3982288
3998676
4015064
4031452
4047840
4064228
4047848
4097004
4113392
4097012
4146168
4162556
4146176
4195332
4211720
4228108
4244496
4260884
4277272
4293660
4310048
4310052
4260904
4359212
4244528
4391988
4408376
4408380
4441152
4457540
4457544
4490316
4228176
4523092
4539480
4211804
4572256
4588644
4031592
4621420
4637808
4654196
4670584
4654204
4637824
4719748
4736136
4752524
4768912
4785300
4801688
4801692
4834464
4850852
4834472
4883628
4900016
4916404
4932792
4949180
4965568
4965572
4768968
5014732
5031120
5031124
4736216
5080284
5080288
5113060
5129448
4719852
5162224
5162228
5195000
5211388
4621568
5244164
5244168
5276940
5293328
5276948
5326104
4015388
5358880
5358884
5391656
5391660
3999024
3966260
5457208
5473596
5489984
5489988
5522760
5473612
3933520
5571924
5588312
5571932
5621088
3917156
5653864
5670252
5686640
5653876
3884408
5735804
5752192
5768580
3868040
5801356
5817744
5834132
5834136
5866908
5883296
5883300
5916072
5916076
5866928
5965236
5965240
3687868
6014400
3655108
3638728
6063564
6079952
6096340
6112728
6129116
6145504
6145508
6178280
6112748
6211056
6227444
6243832
6260220
6260224
6292996
6243848
6325772
6325776
6358548
6358552
6391324
6080032
6424100
6424104
6063660
6473264
6489652
6506040
6522428
6538816
6522436
6571592
6587980
6604368
6620756
6620760
6604380
6669920
6686308
6686312
6506092
6735472
6751860
6751864
6784636
6801024
6489732
6833800
6850188
6833808
6882964
6899352
6915740
6882976
6473380
3606184
6981292
3606192
3491508
7030456
7046844
7046848
7079620
7096008
7079628
7128784
7145172
7161560
7177948
7194336
7210724
7194344
7128812
7259888
7276276
7292664
7309052
7325440
7309060
7358216
7259916
7390992
7407380
7423768
7440156
7456544
7407396
7391016
7505708
7522096
7522100
7554872
7571260
7587648
7604036
7620424
7620428
7653200
7669588
7685976
7702364
7718752
7735140
7735144
7767916
7784304
7800692
7817080
7833468
7849856
7849860
7882632
7899020
7915408
7931796
7948184
7964572
7980960
7997348
7997352
8030124
8046512
8046516
8079288
8095676
8112064
8095684
8030152
8161228
8177616
8177620
7981016
8226780
8226784
8259556
8259560
8292332
8308720
8325108
7964664
8357884
7899136
8390660
8407048
8423436
8439824
8456212
8439832
8423452
8505376
8521764
8538152
8554540
8554544
8587316
8603704
8620092
8620096
8587332
8669256
8669260
8702032
8718420
8734808
8734812
8767584
8767588
8800360
8800364
8833136
8702068
8865912
8882300
8882304
8915076
8931464
8915084
8505488
8980628
8980632
7833756
7768224
9046180
9062568
9078956
9095344
9078964
9062584
9046204
9160896
9177284
9193672
9210060
9226448
9193684
9259224
9275612
9292000
9275620
9259240
9177324
7719152
9373940
9390328
9406716
9423104
9439492
9455880
9455884
9488656
9406740
9390360
9537820
9537824
9570596
9570600
9603372
9603376
9636148
9652536
9652540
7702848
7670084
7604552
9734476
7588176
3475796
9783640
9800028
3475808
9832804
9849192
9865580
9881968
9898356
9881976
9931132
9947520
9947524
9980296
9832844
10013072
10029460
10029464
10062236
10078624
10095012
10111400
10127788
10144176
10160564
10127800
10193340
10209728
10226116
10242504
10258892
10275280
10291668
10242520
10226140
10340832
10340836
10373608
10373612
10209776
10111476
10439160
10095100
10471936
10062340
117256
10521100
10537488
10553876
10521112
68124
10603040
10603044
10635816
51756
10668592
10684980
10701368
10717756
10734144
10750532
10750536
10701388
10799696
10701396
10685016
10848860
10668640
10881636
10898024
10914412
10914416
10947188
10668664
10979964
10996352
11012740
11012744
10996364
11061904
10979988
11094680
11111068
51872
35492
11160232
35500
19120
11209396
11225784
11242172
11258560
11274948
11291336
11307724
11324112
11340500
11324120
11373276
11389664
11406052
11422440
11438828
11438832
11471604
11487992
11487996
11520768
11537156
11553544
11569932
11586320
11586324
11619096
11635484
11651872
11619108
11684648
11553580
11422512
11733812
11750200
11766588
11782976
11799364
11782984
11832140
11848528
11864916
11881304
11897692
11914080
11930468
11930472
11914092
11979632
11996020
12012408
12028796
12045184
11996036
12077960
12094348
12110736
12127124
12127128
11979676
11897760
12192676
12209064
12225452
12241840
12258228
12274616
12291004
12307392
12323780
12323784
12307404
12372944
12389332
12405720
12422108
12438496
12454884
12471272
12487660
12454896
12520436
12536824
12520444
12372992
12585988
12258312
12618764
12635152
12651540
12667928
12684316
12700704
12717092
12700712
12651564
12766256
12635188
12618808
12815420
12831808
12815428
12864584
12864588
11881552
12913748
12930136
12946524
12962912
12979300
12995688
12995692
12979312
13044852
13061240
13044860
12962944
12946564
11848840
13143180
13159568
13175956
13192344
13192348
13225120
13241508
13225128
13175980
13290672
13307060
13290680
13339836
13356224
13372612
13389000
13405388
13421776
13438164
13454552
13470940
13470944
13405412
13372648
13536492
13159664
13569268
11750648
13602044
11390208
11308292
13651208
13667596
13683984
13683988
13716760
13733148
13749536
13765924
13782312
13765932
13733168
13651252
13847864
11308348
11291968
13897028
13913416
13929804
13929808
13962580
13913432
13995356
14011744
14028132
14044520
14044524
14077296
14093684
14110072
14126460
14142848
14159236
14175624
14159244
14208400
14224788
14208408
14257564
14110112
14290340
14306728
14323116
14339504
14339508
14372280
14323132
14405056
14421444
14437832
14454220
14470608
14486996
14503384
14487004
14470624
14552548
14568936
14585324
14601712
14568948
14077432
14650876
14650880
14683652
14700040
14716428
14732816
14732820
14765592
14700060
14798368
14814756
14831144
14847532
14863920
14880308
14896696
14913084
14929472
14945860
14962248
14978636
14995024
15011412
15027800
15011420
14995040
15076964
15093352
15109740
15126128
15126132
15158904
15175292
15175296
15208068
15224456
15224460
15257232
15273620
15257240
15306396
15306400
15158948
15355560
15371948
15388336
15404724
15404728
15437500
15453888
15453892
15388360
15503052
15519440
15535828
15519448
15503068
15584992
15355620
15109864
15634156
15650544
15666932
15650552
15634172
15716096
15732484
14978824
14946060
15781648
14913300
15814424
15830812
15847200
15863588
14896936
15896364
15896368
14864180
15945528
15961916
15978304
15994692
16011080
16027468
16043856
16060244
16043864
16093020
16027488
16125796
16142184
16158572
16125808
16011124
16207736
16207740
16240512
16240516
16273288
15994764
16306064
16322452
15978392
16355228
16355232
16388004
16404392
14847916
16437168
16453556
16453560
16437180
16502720
16502724
16535496
16535500
14012368
13995988
16601048
13897692
16633824
16650212
16666600
16682988
16699376
16715764
16732152
16732156
16764928
16781316
16781320
16814092
16764944
16846868
16715800
16879644
16879648
16912420
16683048
16945196
16961584
16961588
16994360
16945212
17027136
17043524
17059912
16650316
17092688
17109076
17125464
17092700
17158240
17174628
17191016
17207404
17207408
17240180
17174648
17272956
17289344
17305732
17322120
17338508
17338512
17371284
17322136
17404060
17404064
17305764
17453224
17453228
17486000
17502388
17518776
17535164
17551552
17551556
17584328
17600716
17617104
17633492
17600728
17666268
17682656
17682660
17715432
17731820
17748208
17584372
17780984
17797372
17797376
17830148
17846536
17862924
17862928
17830164
17535256
17928476
17944864
17944868
17977640
17928492
18010416
18026804
18043192
18059580
18075968
18092356
18108744
18125132
18141520
18157908
18157912
18190684
18190688
18223460
18239848
18256236
18272624
18256244
18239864
18141564
18338176
18354564
18370952
18387340
18387344
18420116
18436504
18452892
18469280
18485668
18502056
18518444
18534832
18551220
18567608
18583996
18551232
18452932
18633160
18436556
18420176
18371028
18698712
18698716
18043360
18747876
18764264
18780652
18797040
18797044
18829816
18846204
18862592
18878980
18780680
18911756
18928144
18010644
18960920
18977308
18993696
19010084
19026472
18993708
18977328
19075636
19092024
19092028
17519168
17289796
19157576
19173964
19190352
19206740
19223128
19239516
19206752
19173988
19288680
19305068
19321456
19157620
19354232
19370620
19370624
19403396
19419784
19436172
19452560
19468948
19485336
19501724
19518112
19534500
19550888
19550892
19583664
19518132
19616440
19632828
19649216
19665604
19681992
19698380
19698384
19731156
19747544
19763932
19632864
19616484
19813096
19829484
19845872
19469044
19452664
19436284
19354368
19927812
19927816
17158924
19976976
19976980
16634648
20026140
20042528
20058916
20075304
20091692
20091696
20124468
20140856
20124476
20173632
20190020
20206408
20058956
20239184
11293524
20271960
20288348
20288352
20271972
11277160
20353900
20370288
20386676
20386680
20419452
20386688
20370308
20468616
20485004
20485008
20370324
20353944
20550556
20566944
20583332
20599720
20616108
20566960
20550580
20665272
20665276
20698048
20714436
20730824
20747212
20763600
20747220
20730840
20812764
20829152
20845540
20861928
20829164
20812784
20911092
20927480
20911100
20714496
20976644
20550664
21009420
20354064
21042196
21058584
21042204
21091360
21091364
21124136
21140524
11277360
21173300
21189688
21189692
21222464
21238852
21255240
11261004
21288016
21304404
21320792
21337180
21353568
21353572
21304424
21402732
21419120
21419124
21451896
21468284
21484672
21484676
21517448
21533836
21550224
21566612
21583000
21599388
21566624
21632164
21648552
21533868
21681328
21697716
21697720
21730492
21746880
21763268
21779656
21779660
21812432
21828820
21845208
21861596
21877984
21894372
21910760
21927148
21910768
21959924
21959928
21894396
21878016
22025476
21845256
22058252
22058256
22091028
22107416
22123804
22140192
22091044
21828904
22189356
22205744
22222132
22238520
22254908
22238528
22222148
22189384
21763404
22336848
22336852
22369624
22369628
22402400
22418788
22435176
22435180
21747056
22484340
22500728
22517116
22533504
22549892
22500744
21730700
22599056
22615444
22631832
22648220
22664608
22680996
22697384
22713772
22730160
22697396
22681016
22779324
22795712
22812100
22828488
22844876
22861264
22844884
22894040
22910428
22926816
22943204
22959592
22959596
22992368
22992372
23025144
23041532
23025152
23074308
23074312
23107084
22943248
23139860
22894104
23172636
23189024
23205412
23221800
23238188
23238192
23270964
23287352
23303740
23320128
23336516
23352904
23369292
23369296
23402068
23352920
23434844
23434848
23467620
23484008
23484012
23303792
23533172
23287416
23565948
23582336
23598724
23615112
23631500
23647888
23664276
23680664
23664284
23713440
23729828
23713448
23762604
23778992
23762612
23811768
23828156
23828160
23860932
23877320
23877324
23910096
23926484
23926488
23959260
23959264
23860964
23631592
24024812
24041200
24041204
24073976
24090364
24106752
24090372
24139528
24024844
24172304
24172308
23615256
24221468
24237856
23582500
23205672
23189292
24303408
23172916
22828856
22632252
24368960
24385348
24401736
24401740
24434512
24450900
24467288
24450908
24500064
24516452
24532840
24549228
24565616
24582004
24582008
24565628
24631168
24647556
24663944
24663948
24696720
24713108
24713112
24745884
24762272
24778660
24795048
24811436
24745904
24647604
24860600
24876988
24500160
24909764
24909768
24942540
24958928
24942548
24991704
25008092
25024480
25040868
25057256
25073644
25090032
25040884
25122808
25139196
25139200
25171972
25188360
25204748
25024528
25237524
25253912
25270300
25237536
25008164
11261992
11245612
25352240
25368628
25368632
11245628
25417792
25434180
25450568
11229260
25483344
25499732
25516120
25532508
25548896
25565284
25581672
25598060
25614448
25630836
25647224
25663612
25630848
25696388
25712776
25729164
25745552
25729172
25778328
25794716
25811104
25827492
25843880
25827500
25876656
25893044
25778360
25925820
25942208
25942212
25974984
25991372
26007760
26024148
26007768
26056924
26073312
26089700
26089704
26122476
26138864
26155252
26122488
25975036
25614592
25565444
26237192
26253580
26269968
26253588
26302744
26302748
26335520
26335524
26237224
25549100
26401072
26417460
26433848
26433852
26417472
26483012
26499400
26515788
26532176
26548564
26564952
26564956
26597728
26614116
26630504
26646892
26663280
26679668
26696056
26696060
26679680
26745220
26761608
26761612
26794384
26810772
26827160
26745244
26859936
26859940
26630568
26909100
26925488
26909108
26597816
26974652
26991040
27007428
27023816
27040204
27056592
27072980
27089368
27105756
27122144
27138532
27138536
27105772
27187696
27073012
27056632
26991100
27253248
27269636
27253256
27302412
27318800
27335188
27318808
27367964
27384352
27400740
27400744
27433516
27449904
27449908
27433528
27499068
27515456
27531844
27515464
27564620
27581008
27597396
27613784
27564636
27646560
27499108
27302504
26548844
27712112
27712116
27744888
27744892
26516096
27794052
27794056
27826828
27843216
27859604
27826840
27892380
27908768
27908772
27892392
27957932
26499760
27990708
27990712
28023484
26483392
26401476
28072648
28089036
28105424
28121812
28138200
28154588
28105440
28072676
25533160
28220140
28236528
25484020
28269304
28285692
28302080
28318468
28334856
28334860
28318480
28384020
28384024
28285724
28433184
28449572
28465960
28482348
28482352
28465972
28531512
28547900
28547904
28269380
28597064
28613452
28629840
28646228
28629848
28613468
28695392
28711780
28728168
28744556
28728176
28777332
28793720
28810108
28793728
28777348
28859272
28875660
28892048
28908436
28859288
28941212
28957600
28957604
28941224
29006764
29006768
28711860
29055928
29072316
29088704
29088708
29121480
29121484
29154256
29170644
29187032
29203420
29219808
29203428
29187048
29268972
29285360
29170676
29318136
29334524
29334528
29367300
29367304
29400076
29416464
29432852
29449240
29465628
29482016
29465636
29449256
29531180
29547568
29531188
29580344
29596732
29613120
29613124
29580360
29662284
29678672
29662292
29711448
29727836
29744224
29760612
29777000
29793388
29809776
29777012
29744248
29318268
29154432
29891716
29908104
29924492
29940880
29924500
29973656
29990044
29973664
30022820
30039208
30055596
30039216
30088372
29891768
30121148
30137536
30153924
30170312
30137548
30121168
30219476
30235864
30235868
28695776
30285028
30301416
30317804
30317808
30350580
30366968
30383356
30399744
30416132
30432520
30448908
30432528
30366996
30498072
30498076
30530848
30547236
30547240
30580012
30596400
30612788
30629176
30645564
30661952
30678340
30661960
30711116
30727504
30743892
30760280
30776668
30793056
30793060
30743912
30842220
30858608
30874996
30891384
30891388
30924160
30940548
30956936
30924172
30989712
30989716
31022488
31038876
31038880
30875044
31088040
31088044
31120816
31137204
31153592
31153596
31186368
31202756
31219144
31235532
31251920
31268308
31284696
31301084
31301088
31333860
31251944
31366636
31383024
31399412
31415800
31415804
31448576
31464964
31464968
31448588
31514128
31514132
31546904
31563292
31579680
31596068
31612456
31628844
31612464
31596084
31383096
31235644
31219264
31202884
31743560
31759948
31776336
31776340
31809112
31825500
31841888
31825508
31874664
31891052
31743600
31923828
31940216
31940220
31972992
31989380
32005768
32022156
32038544
32038548
32071320
32087708
32087712
32120484
32136872
32153260
32169648
32186036
32202424
32218812
32218816
32251588
32267976
32284364
32284368
32317140
32333528
32349916
32366304
32349924
32399080
32415468
32431856
32317172
32464632
32481020
32497408
32251652
32169736
32546572
32562960
32579348
32546584
32153372
32628512
32644900
32661288
32677676
32694064
32137012
32005944
32743228
32759616
32743236
32792392
32792396
31989584
32841556
32857944
32874332
31186784
32907108
32923496
32939884
32956272
32972660
32972664
32956284
32907136
33038212
33038216
33070988
33070992
31121300
30859160
33136540
30646176
33169316
30629800
33202092
33218480
33234868
33218488
30597052
33284032
30580676
30531528
28598220
25485264
11231188
33382360
33398748
33415136
33398756
11214824
24556
33480688
33497076
33480696
33529852
33529856
