32776
65548
98320
131092
163864
196636
229408
98340
294952
327724
360496
393268
393272
327740
491584
524356
557128
589900
557136
655444
688216
720988
753760
688228
491624
65644
884848
917620
950392
983164
1015936
1048708
1081480
1114252
1015952
1179796
950424
917660
1278112
1310884
1343656
1343660
1409200
1441972
1474744
1507516
1540288
1540292
1605832
1638604
1671376
1704148
1736920
1769692
1802464
1835236
1868008
1900780
1933552
1900788
1999096
1835260
1769728
2097412
2097416
2162956
2195728
2195732
2261272
2261276
2326816
2326820
2392360
2425132
2457904
2490676
2523448
2490684
2425152
2621764
2392392
2687308
2720080
2752852
2785624
2818396
2785632
2883940
2916712
2883948
2720112
3015028
3047800
3080572
3113344
3146116
3146120
3211660
3244432
3277204
3211672
3342748
3375520
3375524
3342760
3047852
3506608
3539380
3506616
3015100
3637696
3670468
3703240
3736012
3736016
3801556
3834328
3867100
3899872
3899876
3867112
3998188
3834352
3801588
3703288
4129276
4162048
4194820
4227592
4260364
4293136
4325908
4358680
4391452
4424224
4456996
4489768
4457004
4424240
4391476
4620856
4653628
4686400
4719172
4751944
4784716
4751952
4358740
4883032
4915804
4948576
4981348
4981352
4915820
5079664
5112436
5145208
5177980
5112448
5243524
5276296
5309068
5341840
5309076
5407384
5276316
4883104
5505700
5538472
5571244
5604016
4326068
5669560
5702332
5735104
5702340
5800648
5833420
5866192
5669588
4195032
3670748
5997280
6030052
2687720
6095596
6128368
6161140
6193912
6193916
6259456
6292228
6325000
6357772
6390544
6161172
6456088
6488860
6521632
6488868
6587176
6619948
6652720
6619956
6718264
6718268
6783808
6816580
6849352
6882124
6914896
6947668
6947672
6882140
7045984
7078756
7111528
7144300
7177072
7209844
7209848
7177084
7308160
7144324
7111560
6849420
6816656
7472020
7504792
7537564
7570336
7537572
7504808
7668652
7701424
7734196
7766968
7766972
7832512
7865284
7898056
7930828
7963600
7865300
8029144
8061916
8094688
8127460
8160232
8029164
7832560
8258548
8291320
8324092
8356864
8356868
8324104
8455180
8487952
8520724
8520728
8487964
8619040
8651812
8684584
8717356
8291376
8782900
8815672
8815676
8881216
8913988
8913992
8979532
9012304
9045076
9077848
9110620
9045088
8979556
9208936
9241708
9274480
9307252
9241720
8881276
8782976
7734404
7472264
9503884
9536656
9569428
9602200
9634972
9667744
9700516
9733288
9733292
9798832
9700532
9602232
9897148
9897152
9569476
9995464
6784204
6128848
10093780
10093784
1737948
1705184
10224868
10257640
10290412
10323184
10355956
10323192
10421500
10421504
10290436
10519816
10552588
10585360
1672468
10650904
1639708
10716448
10749220
10781992
10814764
10814768
10880308
10913080
10913084
10978624
10978628
10880328
10749260
11109712
11142484
1410392
11208028
11240800
11240804
11306344
11339116
11371888
11404660
11339128
11470204
11502976
11535748
1312136
11601292
11634064
11666836
11666840
11732380
11634080
11797924
11830696
11863468
11896240
11929012
11961784
11961788
12027328
12060100
12060104
12125644
12158416
12158420
11896280
12256732
12256736
12322276
12355048
11863532
12420592
12453364
12453368
12420604
12551680
11601412
12617224
12649996
12682768
12715540
12715544
12781084
12813856
12846628
12846632
12781100
12682800
12977716
13010488
13043260
12650048
13108804
886344
13174348
13207120
13239892
13174360
13305436
13338208
13370980
13403752
13436524
13469296
13436532
13403768
13567612
13600384
13600388
13371016
13698700
13731472
13698708
13797016
13829788
13862560
13829796
13928104
13960876
13928112
13797044
14059192
14091964
14124736
14124740
14059208
14223052
14255824
67284
14321368
34524
14386912
14419684
14452456
14485228
14518000
14452468
14583544
14616316
14583552
14386948
14714632
14747404
14780176
14780180
14845720
14747420
14911264
14944036
14976808
15009580
15042352
15075124
15009592
15140668
15173440
15206212
15238984
15206220
15304528
15337300
15173464
15402844
14976864
14944100
15501160
15533932
15566704
15533940
15501176
14911356
14714752
15730564
15763336
15796108
15828880
15861652
15894424
15927196
15959968
15992740
16025512
16058284
16091056
16123828
16091064
16189372
16222144
16222148
16287688
16287692
16058320
16386004
15927256
15861724
16484320
16517092
16549864
16582636
16615408
16648180
16680952
16713724
16746496
16779268
16779272
16844812
16746512
16910356
16943128
16975900
17008672
17041444
17041448
17106988
17139760
17172532
17205304
17172540
17107008
16975940
17336392
17369164
16910416
16713812
17467480
17500252
17500256
17467492
17598568
17631340
17664112
17696884
17729656
16582780
17795200
17827972
17827976
17795212
17926288
17959060
17991832
18024604
18057376
18057380
18122920
18122924
18188464
18221236
18254008
18286780
18319552
18319556
18385096
18385100
18450640
18450644
18516184
18548956
18581728
18581732
18516200
18286828
18024688
18745588
18745592
17991932
17959168
18876676
18909448
18942220
18942224
19007764
19040536
19073308
19106080
19138852
19171624
19204396
19138864
19269940
19302712
19302716
19368256
19401028
19368264
19269964
19499344
19532116
19564888
19597660
19630432
19663204
19695976
19728748
19761520
19794292
19827064
19859836
19859840
19925380
19761544
19990924
19728784
20056468
20089240
20122012
20122016
20187556
20220328
20220332
20285872
20285876
20351416
20384188
20416960
20351428
20089288
20515276
20548048
20548052
20613592
20646364
20679136
20613604
20744680
20777452
20810224
20842996
19696120
20908540
20941312
19663364
19040776
21039628
21072400
21072404
21137944
21170716
21203488
21236260
21269032
21236268
21203504
21367348
21400120
21367356
21465664
21039684
21531208
21563980
21596752
21629524
21662296
21695068
21727840
21760612
21793384
21826156
21858928
21760628
21727864
21957244
21596800
19008132
22055560
22088332
22088336
22153876
22186648
22153884
22252192
22284964
22284968
22350508
22252208
22416052
22448824
22448828
22514368
22416068
18909896
18877132
22645456
17926868
16517848
22743772
22776544
22809316
22842088
22874860
22907632
22907636
22973176
23005948
23005952
23071492
23104264
23104268
23169808
23169812
23235352
23268124
23300896
23333668
23366440
23399212
23431984
23268148
22842168
22809404
22776640
23595844
23628616
23661388
23694160
23726932
23759704
23759708
23825248
23858020
23825256
23694188
23661424
23989108
23628664
24054652
24087424
24120196
24152968
24152972
24218512
24251284
24284056
24316828
24316832
24382372
24415144
24382380
24251312
24513460
24513464
24579004
24611776
24644548
24677320
24710092
24742864
24742868
24808408
24841180
24873952
24906724
24939496
24972268
25005040
25037812
25070584
25070588
25136128
25136132
25201672
25201676
25267216
25299988
25332760
25365532
25398304
25431076
24972328
25496620
25529392
25562164
25594936
25627708
24939584
25693252
25726024
25726028
25791568
25824340
25824344
25889884
25922656
25955428
25889896
25693292
26053744
26086516
26119288
26053756
26184832
26217604
26250376
26250380
26315920
26348692
26348696
26414236
26447008
26479780
26512552
26545324
26578096
26610868
26643640
26578108
26709184
26709188
26479816
26807500
26840272
26315988
26217688
26938588
26971360
26938596
26184936
27069676
27102448
27135220
27167992
27200764
27200768
27135236
27102472
27331852
27364624
27331860
27430168
27462940
27462944
27528484
27528488
27594028
27626800
27659572
27692344
27692348
27757888
27790660
27823432
27856204
27790672
27757908
27626840
27594076
28020064
28052836
28052840
28118380
28151152
28183924
28216696
28249468
28282240
28315012
28347784
28380556
28413328
28446100
28446104
28511644
28413344
28347812
28282280
28642732
28675504
28249524
28741048
28773820
28741056
28839364
28872136
28839372
28937680
28970452
28970456
29035996
29068768
29101540
29134312
29167084
29199856
29036020
29265400
29298172
29330944
29330948
29298184
29429260
29462032
29494804
29527576
29265436
29593120
29625892
29593128
29691436
29724208
29756980
29691448
29822524
29855296
29888068
29920840
29953612
29986384
30019156
29986392
30084700
30117472
30084708
29920872
30215788
30248560
30248564
30314104
30346876
30379648
30412420
30412424
30477964
30510736
30543508
30543512
30609052
30641824
30674596
30707368
30740140
30772912
30772916
30838456
30871228
30838464
30936772
30969544
31002316
31035088
31035092
30740184
31133404
31133408
31198948
31231720
31231724
31198960
31330036
31330040
31395580
30707456
30674692
31493896
31526668
31559440
31592212
31624984
31657756
31690528
31723300
31756072
31723308
31821616
31854388
31887160
31919932
31919936
31887172
31854408
32051020
32051024
32116564
32116568
32182108
32182112
31821668
32280424
32313196
32280432
32378740
32411512
32411516
32477056
32477060
32378760
32575372
32608144
32608148
32673688
32706460
32706464
32772004
32804776
32673708
32870320
32903092
32935864
32968636
33001408
32968644
32903112
33099724
33132496
33099732
33198040
33230812
33263584
33230820
33198056
33361900
33394672
33394676
33460216
33492988
33525760
33558532
33525768
33493004
33656848
32870420
33722392
33755164
33722400
33820708
33853480
33820716
33919024
33919028
33984568
34017340
31526976
34082884
34115656
34148428
31494224
34213972
34213976
34279516
34312288
34279524
34377832
30609516
30511216
30478452
30380152
34541692
34541696
34607236
34640008
34672780
34640016
34738324
34771096
34803868
34836640
34869412
34902184
34869420
34967728
35000500
35033272
35000508
35098816
34967748
35164360
35164364
35229904
35262676
35295448
35328220
35360992
35393764
35426536
35459308
35492080
35524852
35557624
35492092
35459328
35655940
35688712
35721484
35754256
35787028
35787032
35852572
35885344
35852580
35950888
35983660
36016432
36049204
36081976
36049212
36147520
36147524
36213064
35983692
36278608
36311380
36344152
36344156
36409696
36311396
36475240
36508012
36540784
36573556
36573560
36639100
36540800
36704644
36737416
36770188
36802960
36835732
36868504
36901276
36901280
36868516
36999592
37032364
37065136
37065140
37130680
37130684
37196224
37196228
37261768
37261772
37032400
37360084
36999640
37425628
37458400
37491172
37523944
37556716
37589488
37622260
37655032
37589500
37720576
37753348
37786120
37753356
37556752
37884436
37491224
37949980
37949984
38015524
38048296
38081068
38113840
38146612
38179384
38081084
38048320
38015556
38310472
38310476
38376016
38408788
38441560
38474332
38474336
38539876
38572648
38605420
38539888
38441588
38703736
38736508
38736512
38802052
38802056
38867596
38900368
38933140
38965912
38998684
38998688
39064228
39097000
39097004
39162544
39162548
39228088
39228092
39293632
39326404
39359176
39391948
39424720
39457492
39293656
38900444
38703840
39588580
39588584
39654124
38408944
38376180
39752440
39785212
39752448
37458692
36737800
39916300
39916304
35951380
40014616
40047388
40080160
40112932
40112936
40178476
40211248
40244020
40211256
40080188
40047424
40375108
40407880
40440652
40473424
40407892
40538968
40571740
40604512
40538980
40670056
40702828
40735600
40670068
40801144
40833916
40801152
40375172
40932232
40965004
40997776
41030548
41030552
41096092
41128864
41161636
41096104
40997804
40014768
41292724
41325496
41358268
41391040
41325508
41456584
41489356
41522128
41554900
41554904
41620444
41620448
41522148
41489384
41751532
41784304
41751540
41849848
41849852
41915392
41948164
41948168
42013708
42046480
42079252
42112024
42079260
42177568
42210340
42243112
42243116
42210352
42341428
42374200
42406972
42439744
42472516
42406984
42538060
42570832
42570836
42538072
42177628
42701920
42734692
42734696
42800236
42800240
42865780
42898552
42898556
42964096
42996868
42701960
41915532
43095184
43127956
43160728
43193500
43226272
43193508
43291816
43324588
43324592
43390132
43422904
43455676
43488448
43521220
43553992
43586764
43619536
43652308
43685080
43619548
43750624
43783396
43816168
43848940
43816176
43914484
43947256
43980028
44012800
43980036
43914504
43586828
43455760
43422996
44209432
44242204
44242208
44307748
44340520
44340524
44307760
44438836
44471608
44504380
44537152
44569924
44569928
44635468
44504400
44438868
44733784
44766556
44799328
44766564
44733800
44897644
44930416
44209524
43390328
43292028
45061504
43160964
45127048
45159820
45192592
45192596
45159832
45127068
43128224
45356452
45356456
45421996
45454768
45487540
45487544
45553084
45553088
45618628
45618632
45684172
45716944
45749716
43095512
41293276
35755488
35657188
45913576
45946348
45946352
46011892
46044664
46077436
46110208
46044676
35329544
46208524
46241296
46274068
46306840
46339612
46372384
46405156
46437928
46470700
46503472
46536244
46470712
46437948
46634560
46306884
34838088
34805324
46765648
46798420
46831192
46863964
46896736
46929508
46962280
46995052
47027824
47060596
47093368
47126140
46995072
46929540
47224456
47224460
47290000
47322772
47355544
47388316
47421088
47453860
47486632
47421100
47552176
47584948
47617720
47617724
47683264
47716036
47683272
47781580
47814352
47847124
47847128
47814364
47781600
47388388
47290088
48043756
48076528
48109300
48142072
48142076
48207616
48240388
48240392
48305932
48338704
48371476
48371480
48437020
48437024
48305956
48207656
48568108
48600880
48633652
48666424
48699196
48731968
48764740
48731976
48830284
48863056
48863060
48928600
48961372
48994144
48830308
49059688
49092460
48666480
49158004
49158008
48633724
48568192
49289092
48043912
46864268
49387408
49420180
49452952
49485724
49518496
49518500
49485736
49616812
49649584
49682356
49715128
49715132
49682368
49813444
49649608
49453004
46831568
49944532
49977304
50010076
49944544
50075620
50108392
50141164
50108400
50206708
50239480
50272252
50272256
50337796
50337800
50239500
50436112
50436116
50075672
46798876
50567200
50567204
50632744
50665516
50698288
50698292
50763832
50796604
50829376
50862148
50894920
50796620
50763856
50993236
51026008
51058780
51091552
51091556
51157096
51058796
51222640
51255412
51288184
51288188
51353728
51386500
51419272
51452044
51484816
51517588
51550360
51583132
51550368
51484836
51681448
51714220
51746992
51779764
51747000
51845308
51845312
51910852
51714248
51452108
52009168
52009172
51386584
52107484
52107488
52173028
52205800
52205804
52271344
52304116
52336888
52369660
52173056
51353860
52467976
52500748
52533520
52566292
52599064
52631836
52566304
52697380
52730152
52762924
52730160
52828468
52861240
52894012
52926784
52959556
52992328
52992332
53057872
52959572
53123416
52926812
53188960
53188964
53254504
52894060
53320048
53352820
53385592
53418364
53451136
53451140
53418376
53352844
53582224
53614996
53647768
53680540
53615008
53746084
53778856
53811628
52861360
53877172
53909944
53942716
53975488
54008260
53975496
54073804
53942736
53909972
54172120
54172124
53877216
54270436
52533736
51255788
54368752
54401524
54434296
54467068
54499840
54499844
54565384
54598156
54598160
54565396
54696472
54729244
54762016
54794788
54827560
54860332
54893104
54925876
54958648
54991420
55024192
55056964
55056968
55024204
54991440
54958676
55220824
54893148
54827616
55319140
55351912
55384684
55417456
55450228
55483000
55515772
55548544
55581316
55614088
55515788
55679632
55712404
55745176
55777948
55810720
55843492
55876264
55909036
55941808
55974580
55909048
56040124
56072896
56040132
55876296
56171212
56203984
56236756
56269528
56302300
56335072
56367844
56335080
56433388
56466160
56466164
56531704
56433404
56236800
56204036
56662792
56695564
56728336
55712532
56793880
55450396
55417632
56892196
56892200
56957740
56990512
57023284
56957752
57088828
57121600
57154372
57187144
57154380
57252688
57285460
57285464
55384924
57383776
57416548
57449320
57482092
57514864
57547636
57580408
57613180
57645952
57678724
57547656
57482124
57777040
57449364
57842584
57842588
55319456
57940900
57973672
58006444
58039216
58006452
57973688
58137532
58170304
58203076
58235848
58268620
58268624
58235860
58203096
58399708
58432480
58465252
58498024
58530796
58563568
58563572
58629112
58661884
58694656
58727428
58760200
58792972
58825744
58858516
58858520
58924060
58924064
58989604
58989608
59055148
59087920
59087924
59055160
59186236
59219008
59251780
59251784
59186252
59350096
59382868
59415640
59382876
59481184
59513956
58825832
59579500
59612272
59645044
59677816
59710588
59710592
59677828
59808904
59841676
59841680
59907220
59939992
59972764
60005536
60005540
60071080
60071084
60136624
60169396
59940024
60234940
60234944
60300484
60333256
59907276
60398800
60431572
60464344
60497116
60529888
60562660
60529896
60628204
60660976
60693748
60660984
60759292
60759296
60824836
60857608
60890380
60890384
60857620
60988696
61021468
61054240
61087012
61119784
61119788
61054256
61021492
60628280
61283644
61316416
61283652
60497224
61414732
61414736
61480276
61513048
61545820
61480288
61611364
60398952
61676908
61709680
61742452
61775224
59645308
61840768
59612548
59579784
61939084
58793360
62004628
62037400
62070172
62070176
62135716
62168488
62201260
62234032
62266804
62299576
62332348
62365120
62397892
62430664
62463436
62463440
62397908
62561752
62594524
62627296
62660068
62692840
62725612
62758384
62758388
62823928
62856700
62889472
62823940
62955016
62987788
62725648
62561812
63086104
63118876
62365216
62299684
63217192
63249964
63249968
63217204
63348280
63348284
62234176
63446596
62201416
63512140
63544912
63577684
63610456
63610460
63676000
63708772
63741544
63741548
63807088
63839860
63839864
63905404
63938176
63970948
64003720
64036492
64069264
64036500
64134808
64134812
64200352
64233124
64233128
63970988
63938224
64364212
64396984
63905468
63807168
64495300
64528072
63676108
62168784
64626388
64659160
64691932
64724704
64757476
64757480
64724716
64659184
64888564
64921336
64954108
64986880
65019652
65052424
65085196
65117968
65150740
65183512
65216284
65249056
65281828
65314600
65314604
65249072
65216308
65445688
65445692
65183552
64921412
65576776
65576780
65642320
65642324
65707864
62005084
58761056
65806180
65838952
65838956
58728304
58662772
65970040
58630012
66035584
66068356
66101128
66068364
66166672
66199444
66232216
58498972
66297760
66330532
66363304
66396076
66396080
66297780
66494392
66527164
66559936
66559940
66527176
58466252
66691024
66723796
66756568
66723804
66822112
66854884
66887656
66920428
66953200
66920436
67018744
67051516
67084288
67117060
67149832
67182604
67215376
67248148
67248152
67313692
67346464
67379236
67412008
67444780
67477552
67510324
67543096
67575868
67608640
67641412
67674184
67706956
67739728
67772500
67772504
67739740
67706976
67903588
67936360
67575916
68001904
68034676
68067448
68067452
68132992
68165764
68198536
68231308
68264080
68296852
68329624
68165788
68133024
68427940
68427944
68493484
68493488
68559028
68591800
68591804
68657344
68559044
68722888
68755660
68788432
68821204
68755672
68722908
68919520
67477732
67379432
69017836
69050608
69083380
69116152
69116156
69181696
69181700
69050632
67215628
67150096
67051796
69378328
69378332
69443872
69476644
69509416
69542188
69542192
69607732
69640504
69607740
69509440
69738820
69738824
69804364
67019088
69869908
69902680
69935452
69968224
70000996
70033768
70066540
70033776
70132084
70132088
69902716
58139008
70263172
57942408
70328716
70361488
70361492
70427032
70459804
70492576
70525348
70525352
70492588
70623664
70656436
70656440
70623676
70754752
70787524
70820296
70820300
70885840
70918612
70951384
70951388
71016928
71016932
71082472
70918636
71148016
71180788
71148024
71246332
70885888
71311876
70754824
71377420
71410192
71377428
70427160
71508508
70328864
71574052
54796840
71639596
71672368
71705140
71737912
71770684
71803456
71705156
71869000
54469196
71934544
54436436
72000088
72000092
72065632
54403684
72131176
72163948
72131184
72229492
54370936
51028604
72327808
72360580
50995848
72426124
72458896
72491668
72524440
72557212
72589984
72589988
72655528
72688300
72721072
72753844
72688312
72819388
72852160
72491716
72917704
72950476
72950480
72458964
73048792
73081564
73114336
73147108
73179880
73212652
73245424
73278196
73278200
73343740
73376512
73343748
73442056
73474828
73507600
73540372
73245464
73179932
73081632
73048868
50668328
73737004
73769776
73769780
73835320
73868092
73900864
73933636
73966408
73999180
74031952
74064724
74097496
74130268
74163040
74195812
74195816
74130284
74031984
74326900
74359672
74392444
74425216
74425220
74392456
74359692
74556304
74556308
74326936
74654620
74687392
74720164
74687400
74785708
74785712
74851252
74884024
74916796
74949568
74916804
75015112
74884044
75080656
75113428
75146200
75113436
75211744
75244516
75277288
75080684
75342832
75375604
75375608
75342844
75473920
75506692
75539464
75572236
75605008
75637780
75670552
75637788
75605024
75768868
75801640
75768876
74851376
75899956
75899960
75965500
75998272
76031044
76063816
76096588
76129360
76096596
76194904
76227676
76227680
76194916
76325992
76358764
76326000
76063860
76457080
76489852
76457088
76031108
76588168
76588172
75965584
73966740
73933976
76752028
76784800
76784804
76850344
76883116
76915888
76948660
76981432
77014204
77046976
77079748
77112520
77079756
77178064
77210836
77210840
77276380
77309152
77341924
77341928
77407468
77440240
77473012
77473016
77440252
77407488
77309188
77636872
77669644
77669648
76981524
76948760
77800732
76883232
77866276
77899048
77931820
77866288
77997364
78030136
76850492
78095680
78128452
78128456
76752204
78226768
78226772
73901400
78325084
78325088
78390628
78423400
78423404
73835888
78521716
78554488
78587260
50636160
46769540
34776456
78718348
78751120
78783892
78816664
78849436
78882208
78751140
78947752
78980524
78980528
79046068
78947768
79111612
79144384
79144388
78718408
79242700
79275472
79308244
79341016
79341020
79406560
79406564
79472104
79472108
79537648
79570420
34612728
79635964
79635968
79701508
79734280
79734284
79799824
79832596
79865368
79799836
30221856
79963684
79996456
80029228
80062000
80094772
80062008
80029244
80193088
80225860
80258632
80225868
80324176
79996500
29861464
80422492
80455264
80488036
80422504
80553580
80553584
29828724
28943992
28190332
27076224
80750212
80782984
80815756
80848528
80881300
80881304
80848540
80979616
81012388
81045160
81077932
81110704
81143476
81110712
81209020
81241792
81274564
81307336
81340108
81372880
81405652
81274584
81471196
81471200
81536740
81209064
81602284
81602288
81667828
81700600
81733372
81700608
81078020
81012488
81864460
81864464
81930004
81962776
81995548
82028320
81995556
82093864
82126636
82159408
82192180
82224952
82257724
82290496
82323268
82356040
82388812
82421584
82454356
82421592
82519900
82552672
82585444
82618216
82650988
82650992
82716532
82749304
82782076
82749312
82847620
82716552
82913164
82913168
82519956
83011480
83044252
82388896
82290596
83142568
83175340
83142576
83240884
82257848
82225084
82192320
83371972
83404744
83371980
83470288
83503060
83535832
83535836
83601376
83503076
83470312
83699692
83732464
83732468
83798008
83830780
83798016
82159620
83929096
83961868
83929104
84027412
84060184
84092956
84125728
84158500
84191272
84158508
84256816
84289588
84322360
84355132
84387904
84420676
84420680
84486220
84289616
84093012
81963096
84617308
84617312
84682852
84715624
84748396
81930352
80783476
84846712
84879484
84912256
84912260
84977800
84977804
24914064
85076116
24651928
24619164
85174432
85207204
85239976
85207212
85305520
85338292
85371064
85403836
24586432
85469380
85502152
85534924
85567696
85600468
85633240
85567708
85502176
85469412
85764328
85797100
85829872
23603444
85895416
85928188
85960960
85960964
85928200
86059276
86092048
86124820
86124824
86190364
86223136
86255908
86288680
86321452
86354224
86354228
86419768
86452540
86485312
86518084
86550856
86583628
86550864
86649172
86649176
86714716
86747488
86780260
86813032
86780268
86878576
86878580
86714744
86518140
87009664
87042436
86452616
86321548
86288784
87173524
87206296
87239068
87271840
87206308
87173544
86223276
87402928
87435700
87468472
87501244
87534016
87566788
87566792
87402956
87665104
87697876
87730648
87763420
87796192
87828964
87828968
87796204
87927280
87960052
87730680
88025596
86092288
88091140
88123912
88156684
88189456
88222228
88255000
88287772
88320544
88320548
88386088
88418860
88451632
88451636
88517176
88287804
88255040
88222276
88648264
88681036
88681040
88123988
88779352
88812124
86059616
88877668
88877672
88943212
88943216
85895796
22751864
16493180
15805056
89139844
89172616
89205388
89238160
89270932
89303704
89139868
89369248
89402020
15772328
14723756
14396080
89533108
89565880
89598652
89533120
43716
89696968
89729740
89762512
89795284
89828056
89828060
89893600
89926372
89959144
89959148
90024688
90024692
90090232
90123004
90155776
90155780
90221320
90090252
90286864
90319636
90352408
90385180
90286880
90450724
90483496
90516268
90549040
90516276
89795384
90647356
90647360
90712900
90745672
90778444
90811216
90843988
90876760
90909532
90909536
90975076
90876776
91040620
90778480
91106164
91106168
91171708
91204480
91237252
91270024
91302796
91335568
91368340
91401112
91433884
91335584
91499428
91499432
91564972
91597744
91630516
91270072
91696060
91728832
91761604
91728840
91696076
91859920
91892692
91925464
91958236
91958240
91925476
92056552
91171820
90745840
90713076
89795576
89762812
92253184
92285956
92318728
92318732
92285968
92417044
92449816
92449820
92253216
92548132
92580904
92613676
92646448
92646452
92711992
92744764
92744768
92613700
92843080
92875852
92908624
92941396
92974168
93006940
93039712
93072484
93105256
93138028
93170800
93203572
93236344
93269116
93301888
93334660
93367432
93400204
93400208
93465748
93465752
93367452
93564064
93334692
93629608
93662380
93695152
93695156
93760696
93793468
93793472
93859012
93859016
93662412
93957328
93990100
94022872
94055644
94088416
93990116
94153960
94153964
94219504
94252276
94285048
94317820
94350592
94350596
94416136
94285068
94481680
94252308
94547224
94579996
94547232
94645540
94678312
94711084
94743856
94776628
94809400
94842172
94874944
94907716
94907720
94874956
95006032
95038804
94809432
95104348
94776672
95169892
95202664
95235436
95268208
95300980
95333752
95300988
95399296
95432068
95399304
95497612
95530384
95202708
95595928
95628700
95169952
94711204
94219688
95759788
95792560
95792564
95858104
95858108
93957568
95956420
95956424
96021964
96054736
96087508
96120280
96153052
96185824
96218596
96218600
96185836
96316912
96349684
96382456
96415228
96448000
96480772
96448008
96415244
96579088
96579092
96644632
96382492
96710176
96742948
96775720
96808492
96841264
96874036
96906808
96841276
96972352
97005124
97037896
97070668
97103440
97037908
96808536
97201756
97234528
97267300
97300072
97201772
96775792
97398388
97398392
97463932
96317056
97529476
97529480
97595020
97595024
96087700
93630104
93236892
97758880
97791652
97824424
97857196
97889968
97922740
97955512
97988284
98021056
98053828
98086600
98119372
98152144
98184916
98086616
98250460
98283232
98316004
98348776
98381548
98414320
98447092
98447096
98512636
98545408
98545412
98381576
98643724
98676496
98709268
98742040
98709276
98807584
98807588
98873128
98905900
98873136
98971444
99004216
98971452
99069760
99102532
99135304
99168076
99135312
99233620
99266392
99299164
98676576
99364708
99397480
99430252
99463024
99495796
99495800
99561340
99594112
99626884
99659656
99659660
99725200
99757972
99790744
99823516
99856288
99889060
99921832
99954604
99987376
99987380
100052920
100085692
100118464
100052932
100184008
100216780
100249552
100282324
100282328
100347868
100216800
100413412
100413416
100184044
100511728
100544500
100577272
100610044
100642816
100675588
100708360
100741132
100675600
100610068
100839448
100872220
100577312
100544548
100970536
100970540
100511792
101068852
101068856
101134396
101134400
101199940
101232712
101265484
101298256
101331028
101363800
101363804
101429344
101462116
101494888
101527660
101462128
101593204
101429368
101331068
101265536
101724292
101757064
101789836
101822608
101757076
101888152
101920924
101953696
101986468
101920936
102052012
102052016
102117556
102150328
102183100
102215872
102248644
102281416
102314188
102346960
102281428
102412504
102445276
102445280
102248676
102215912
102183148
102609136
102641908
102674680
102674684
102150400
102772996
101200136
102838540
102871312
102838548
102936856
102969628
103002400
102936868
103067944
103100716
103100720
103166260
103199032
103231804
103264576
103297348
103297352
103264588
103395664
103428436
103461208
103461212
103395680
103199076
103068008
103625068
103625072
103690612
103723384
103690620
99955072
99922308
103854472
103887244
103854480
103952788
103985560
104018332
104051104
104083876
104116648
104083884
104182192
104214964
104247736
104280508
104280512
104346052
104247752
104411596
104444368
104477140
104509912
104542684
104215008
104182244
104641000
104673772
104706544
104739316
99889656
99856892
104837632
104870404
104903176
104903180
104968720
105001492
105034264
104968732
105099808
105099812
105165352
105165356
105230896
105263668
105296440
105329212
105329216
105263684
105427528
105460300
105493072
105525844
105558616
105591388
105624160
105591396
105525864
105493100
105755248
105788020
105755256
105853564
105886336
105886340
105951880
105853580
104870544
104837780
99824280
99791516
99758752
106181284
106214056
106246828
106214064
106312372
106312376
106377916
106410688
106443460
106476232
106509004
106509008
106574548
106607320
106640092
106672864
106672868
106738408
106771180
106738416
106443508
106869496
106902268
106410752
106181380
107000584
107000588
107066128
99726100
99562264
107164444
99463968
107229988
107229992
107295532
107328304
107361076
107393848
107361084
107328320
107492164
107524936
107295564
99431248
107623252
98317144
98284380
107721568
98055012
98022248
107819884
107852656
107885428
107885432
107950972
107983744
108016516
108049288
108082060
108114832
108114836
108180376
108213148
108245920
108278692
108311464
108344236
108311472
108409780
108442552
108475324
108508096
108540868
108540872
108606412
108639184
108606420
108704728
108737500
108770272
108803044
108835816
108803052
108901360
108934132
108966904
108999676
109032448
108999684
109097992
109130764
109163536
108934164
108704792
109261852
108508192
109327396
109360168
109360172
109425712
109458484
109491256
109524028
109556800
109589572
109622344
109622348
109687888
109720660
109753432
109720668
109818976
109818980
109884520
109884524
109950064
109982836
109982840
110048380
110081152
110081156
110146696
110179468
110179472
110245012
110048408
110310556
110343328
110310564
110408872
110408876
109950128
109589684
110539960
110572732
110605504
110638276
110638280
110703820
110736592
110769364
110802136
110834908
110867680
110900452
110933224
110965996
110998768
111031540
110998776
110966012
111129856
111162628
111195400
111228172
111260944
111293716
111293720
111359260
111392032
111424804
111260968
111195436
111523120
111162676
111588664
111588668
111654208
110900548
111719752
111719756
111785296
111818068
110867800
111883612
111916384
111916388
110835048
112014700
112047472
112080244
112080248
112145788
112178560
112211332
112211336
112276876
112309648
112047508
112375192
112407964
112440736
112473508
112506280
112375212
112571824
112604596
112637368
112014780
112702912
112735684
112768456
112801228
112834000
112866772
112834008
112932316
112801248
112997860
113030632
113063404
113030640
113128948
112997880
112702972
109557248
109458948
113292808
113325580
113358352
113391124
113423896
113456668
113489440
113522212
113554984
113587756
113620528
113653300
113686072
113686076
113751616
113784388
113817160
113784396
113882704
113915476
113751640
113981020
113981024
113620580
114079336
114112108
113555056
113489524
114210424
113456764
113424000
113358468
114341512
114374284
114407056
114439828
114472600
114472604
114538144
114570916
114603688
114636460
114636464
114570932
114538168
114407100
114800320
114833092
114833096
114898636
114931408
114964180
114964184
115029724
115062496
115062500
115029736
115160812
115160816
114931444
114898680
115291900
115324672
114374404
115390216
115390220
115455760
115455764
115521304
115554076
115554080
115619620
115652392
115685164
115717936
115750708
115652408
115816252
115849024
115881796
115914568
115947340
115947344
116012884
116045656
116078428
116111200
116143972
116176744
116209516
116176752
116111220
116307832
116340604
116012928
115881860
115849096
116471692
116471696
116537236
116537240
116602780
116635552
116668324
116701096
116733868
116766640
116799412
116832184
116864956
116897728
116897732
116832200
116996044
116799440
116733908
117094360
117127132
117159904
117159908
117225448
117258220
117258224
117225460
116635640
117389308
117422080
117454852
117487624
117487628
117422096
117585940
117389336
115619868
117684256
117717028
117717032
117782572
117815344
117782580
117684280
113326140
108476480
117979204
118011976
118044748
118077520
118110292
118110296
118175836
118175840
118241380
118274152
118306924
118339696
118372468
118306936
118438012
118470784
118503556
118536328
118569100
118601872
118634644
118634648
118700188
118732960
118765732
118765736
118732972
118700208
118503604
118929592
118929596
118995136
118995140
119060680
119093452
119093456
119060692
119191768
119191772
119257312
119290084
119322856
119355628
119388400
119421172
119453944
119486716
119421184
119388420
119585032
119355660
119322896
119683348
119716120
119748892
119781664
119814436
119748904
119683372
119912752
119257396
118470968
118438204
120043840
120043844
120109384
118241612
120174928
120207700
120207704
118012252
117979488
120338788
120371560
120404332
120404336
120469876
120502648
120535420
120568192
120600964
120633736
120666508
120666512
120732052
120764824
120535452
120830368
120830372
120895912
120502700
120961456
120994228
120994232
121059772
121092544
121092548
120469960
121190860
121190864
121256404
121256408
120371676
120338912
121387492
108411368
121453036
121485808
121518580
121485816
108280316
108247552
108182020
121682440
108083724
121747984
121780756
121813528
121846300
121879072
121911844
121879080
121977388
121846320
122042932
121813560
122108476
122141248
121780804
122206792
122239564
122272336
122305108
122337880
122370652
122403424
122436196
122468968
122501740
122534512
122567284
122600056
122632828
122665600
122501764
122403464
122763916
122796688
122763924
122862232
122895004
122927776
122960548
122993320
123026092
123058864
123091636
123091640
123157180
123157184
123222724
123222728
123288268
123321040
123321044
123386584
123386588
123288288
123058916
123517672
123550444
123583216
123615988
123648760
123681532
123714304
123747076
123714312
123648780
123845392
123616020
123910936
123943708
123976480
124009252
124042024
124009260
124107568
124107572
124173112
123976508
123910976
124271428
123583304
124336972
124369744
124336980
123550552
123026268
124500832
124533604
124566376
124566380
124533616
124664692
124697464
124730236
124730240
124697476
124828552
124861324
124894096
124926868
124926872
124992412
125025184
124861348
124664744
125123500
124500912
122305460
125221816
122239932
125287360
108051396
125352904
125385676
125352912
108018644
125483992
125516764
125549536
125582308
125615080
125647852
125680624
125713396
125746168
125746172
125680640
125615108
125877256
125910028
125549584
125975572
126008344
126041116
126073888
126106660
126106664
126172204
126172208
126008372
125975608
126303292
126336064
126368836
126401608
126434380
126467152
126499924
126532696
126565468
126598240
126631012
126631016
126696556
126729328
126762100
126794872
126762108
126598272
126893188
126925960
126958732
126991504
127024276
127024280
127089820
127122592
127155364
127188136
127155372
126991536
127286452
127319224
127351996
127286464
126958788
127450312
126926028
127515856
127515860
127581400
127614172
127646944
127679716
126893288
126565612
126500080
127810804
127810808
127876348
127909120
127941892
127974664
128007436
127974672
128072980
128105752
127941916
128171296
128171300
128236840
128269612
128269616
128335156
127909176
128400700
128433472
128400708
128499016
128531788
128564560
128597332
128564568
128662876
128695648
128531812
128761192
128793964
128793968
128761204
128892280
126467452
128957824
128990596
128990600
129056140
128957840
126434708
126401944
126369180
125484448
129252772
129285544
129318316
129318320
129383860
107953592
129449404
129482176
107855300
97893832
97861068
129613264
129646036
129678808
129711580
129744352
129777124
129744360
129842668
129875440
129908212
129908216
129711612
130006528
130006532
129678856
97828364
93175312
92880404
92847640
130235932
130268704
130301476
130334248
130367020
130399792
130432564
130465336
130498108
130530880
130530884
130596424
130465356
130661968
130694740
130727512
130760284
130760288
130825828
130858600
130891372
130924144
130956916
130989688
130891388
130858624
130825860
131120776
131120780
131186320
131219092
131251864
131219100
131317408
131350180
131382952
131415724
131382960
131186356
131514040
131514044
131579584
131612356
130727624
130694860
131710672
131743444
131710680
130662108
92552928
131874532
131907304
131907308
131972848
131972852
132038392
132071164
132103936
132103940
132071176
131874572
132235024
132267796
132300568
132333340
132366112
132398884
132398888
132300588
132497200
132529972
132562744
132595516
132628288
132661060
132693832
132661068
132759376
132792148
132824920
132792156
132890464
132923236
132923240
132759404
132628336
133054324
133087096
133119868
133152640
133185412
133218184
133250956
133218192
133185428
133349272
132497308
89767840
133447588
133480360
133513132
133545904
133545908
133513144
133480380
133676992
133447620
133742536
133775308
133775312
133742548
89735128
133906396
133939168
133906404
134004712
134004716
134070256
134103028
89735160
134168572
89702400
