4106
8213
8217
24628
53343
94389
53345
53350
102584
102591
192806
299457
299460
192809
303561
467636
708683
74413
74417
74422
708687
78520
78525
708689
82624
82628
467643
712788
712793
712797
94923
94927
467645
303564
471747
720992
99025
99031
471748
725093
103129
725098
107230
725101
111329
24632
57450
106689
106694
201005
307667
475849
729200
115430
475852
475856
737399
119528
119532
119539
737402
123639
123642
123645
106698
205104
311765
479957
479963
745598
127747
127748
127754
745602
131853
131859
131861
745605
135962
135965
479966
749704
140066
140068
749710
144168
205108
315867
484064
753811
148271
148272
148276
315869
488165
757909
152376
757915
488169
762013
160573
160579
315874
57452
57456
8222
28732
61558
118989
209208
118995
61561
123095
217404
217409
328164
496365
766112
766118
168775
496369
217414
332267
500468
774312
172873
172878
172882
774316
176980
176984
176990
500475
778417
181088
332270
504575
28737
65663
127192
221513
336368
508673
786615
185189
185195
786617
189293
189297
786623
193398
193403
65666
131293
225614
340471
512775
790722
197500
197506
790726
201605
790728
225617
225621
348665
516875
516877
348668
520977
803020
209803
209807
348675
525078
807120
807126
807130
222096
222103
525083
811230
226203
811234
230300
811237
234401
525084
815336
238501
238505
238511
815342
242611
815346
246709
131297
229723
352773
529187
529191
529192
827639
250811
250812
250819
827642
254917
254920
254924
352779
533295
831742
831744
263123
263127
831750
533297
835851
271322
533300
839949
275420
839954
279520
839956
283623
283627
352783
537400
131301
233822
356880
541503
848154
848156
848163
295916
295920
295924
541504
852263
300025
852264
304125
356884
545605
233825
360986
549705
860461
549710
864563
233829
365085
553810
868660
868664
868670
365089
557908
65669
135402
237930
369188
562011
876864
876868
876873
562015
880974
880976
562017
885078
885080
369194
566119
889181
889185
566123
893284
893291
566124
897390
897392
369197
570226
901494
901499
237934
373296
574325
905596
905602
574330
574333
913797
237936
135404
242037
242042
385590
578434
135408
246141
246146
4109
12320
12325
36932
69771
139508
69772
143611
254342
254345
401977
582533
921994
921999
401981
586634
926098
586638
930197
930202
930206
586640
934305
401986
590742
590745
590748
946599
254349
406085
594849
950697
594853
594856
958892
36939
73874
73879
151805
73882
36943
77981
160002
77984
164100
266642
410185
598957
962993
962996
410189
410193
607154
967098
967100
967106
266647
266649
418388
611255
418395
615354
615356
979396
979403
979407
615362
983504
983508
983513
164104
270751
422494
422499
623556
987614
987619
987621
623562
623566
995818
995821
995826
270753
426598
426600
77990
4113
16424
41042
16429
45140
86186
172302
274852
430700
635858
999926
999931
999933
635861
1004033
635864
1008134
1008138
430704
639967
1012238
1012242
1012244
274859
434804
644067
1016346
1016350
644071
1020448
1020453
1020458
644072
1024557
1024563
434808
648173
1028662
1028665
1028671
648179
434812
274862
438912
656373
438919
660474
1040961
1040967
660476
659456
172304
172308
86190
16433
49241
90288
180507
287152
443017
663558
4681
663561
8782
8784
443023
667661
180511
291254
447122
447124
675859
16980
675860
21083
21085
675864
25186
447128
180512
295353
451229
684060
29284
451234
688162
33385
688167
37485
37488
688168
41589
41592
451238
692269
45692
45696
295356
455337
696371
49798
696372
53898
53900
53907
696379
455343
700478
455345
704576
66197
66202
66205
704582
70307
70310
70315
16386
