ID NODO			NUMERO DE HIJOS					RELACION			ID HIJOS
1			3			0     2,3,4,
2			3			2     5,6,7,
3			0			0       SIN HIJOS
4			1			1     2048
5			0			0       SIN HIJOS
6			2			1     8,9,
7			0			1       SIN HIJOS
8			2			0     10,11,
9			0			3       SIN HIJOS
10			1			3     12
11			2			1     13,14,
12			3			0     15,16,17,
13			1			3     18
14			3			0     19,20,21,
15			3			1     22,23,24,
16			0			2       SIN HIJOS
17			1			3     25
18			2			1     26,27,
19			0			3       SIN HIJOS
20			3			1     28,29,30,
21			2			2     31,32,
22			0			1       SIN HIJOS
23			1			3     33
24			0			3       SIN HIJOS
25			0			1       SIN HIJOS
26			3			0     34,35,36,
27			0			3       SIN HIJOS
28			2			1     37,38,
29			0			1       SIN HIJOS
30			3			3     39,40,41,
31			3			0     42,43,44,
32			3			0     45,46,47,
33			1			1     48
34			3			2     49,50,51,
35			1			3     52
36			3			3     53,54,55,
37			3			2     56,57,58,
38			0			1       SIN HIJOS
39			2			0     59,60,
40			2			2     61,62,
41			3			2     63,64,65,
42			1			3     66
43			3			2     67,68,69,
44			3			3     70,71,72,
45			1			0     73
46			2			2     74,75,
47			3			2     76,77,78,
48			1			3     79
49			2			0     80,81,
50			1			1     82
51			0			3       SIN HIJOS
52			2			1     83,84,
53			2			0     85,86,
54			0			1       SIN HIJOS
55			3			0     87,88,89,
56			3			3     90,91,92,
57			0			0       SIN HIJOS
58			1			1     93
59			3			2     94,95,96,
60			2			3     97,98,
61			1			2     99
62			0			2       SIN HIJOS
63			2			2     100,101,
64			0			0       SIN HIJOS
65			0			2       SIN HIJOS
66			0			3       SIN HIJOS
67			1			1     102
68			3			2     103,104,105,
69			0			3       SIN HIJOS
70			2			2     106,107,
71			3			3     108,109,110,
72			1			1     111
73			0			1       SIN HIJOS
74			1			1     112
75			2			3     113,114,
76			3			3     115,116,117,
77			3			1     118,119,120,
78			1			1     121
79			1			1     122
80			3			1     123,124,125,
81			2			0     126,127,
82			0			3       SIN HIJOS
83			3			3     128,129,130,
84			2			3     131,132,
85			1			1     133
86			0			2       SIN HIJOS
87			3			1     134,135,136,
88			3			1     137,138,139,
89			2			2     140,141,
90			3			3     142,143,144,
91			1			1     145
92			2			2     146,147,
93			0			3       SIN HIJOS
94			1			2     148
95			0			3       SIN HIJOS
96			2			1     149,150,
97			1			2     151
98			2			2     152,153,
99			2			2     154,155,
100			0			2       SIN HIJOS
101			0			0       SIN HIJOS
102			1			0     156
103			2			1     157,158,
104			1			2     159
105			0			3       SIN HIJOS
106			2			0     160,161,
107			3			3     162,163,164,
108			3			1     165,166,167,
109			3			2     168,169,170,
110			0			2       SIN HIJOS
111			2			0     171,172,
112			1			1     173
113			0			0       SIN HIJOS
114			0			2       SIN HIJOS
115			3			1     174,175,176,
116			3			2     177,178,179,
117			2			1     180,181,
118			0			1       SIN HIJOS
119			1			0     182
120			3			0     183,184,185,
121			2			3     186,187,
122			1			3     188
123			2			2     189,190,
124			3			2     191,192,193,
125			1			3     194
126			2			3     195,196,
127			3			0     197,198,199,
128			0			3       SIN HIJOS
129			0			2       SIN HIJOS
130			3			2     200,201,202,
131			2			2     203,204,
132			0			0       SIN HIJOS
133			2			0     205,206,
134			3			3     207,208,209,
135			3			3     210,211,212,
136			1			3     213
137			1			0     214
138			2			0     215,216,
139			2			2     217,218,
140			0			3       SIN HIJOS
141			1			1     219
142			0			0       SIN HIJOS
143			0			2       SIN HIJOS
144			3			2     220,221,222,
145			0			3       SIN HIJOS
146			0			3       SIN HIJOS
147			2			3     223,224,
148			3			2     225,226,227,
149			1			0     228
150			1			1     229
151			1			3     230
152			3			0     231,232,233,
153			1			0     234
154			0			3       SIN HIJOS
155			0			3       SIN HIJOS
156			3			0     235,236,237,
157			0			2       SIN HIJOS
158			0			1       SIN HIJOS
159			1			3     238
160			2			3     239,240,
161			1			0     241
162			1			3     242
163			0			2       SIN HIJOS
164			1			3     243
165			2			3     244,245,
166			2			0     246,247,
167			2			3     248,249,
168			1			2     250
169			1			0     251
170			3			1     252,253,254,
171			0			1       SIN HIJOS
172			1			0     255
173			2			0     256,257,
174			0			3       SIN HIJOS
175			1			3     258
176			1			0     259
177			3			1     260,261,262,
178			3			1     263,264,265,
179			0			1       SIN HIJOS
180			0			3       SIN HIJOS
181			2			3     266,267,
182			2			3     268,269,
183			3			2     270,271,272,
184			3			2     273,274,275,
185			2			0     276,277,
186			3			1     278,279,280,
187			1			3     281
188			0			3       SIN HIJOS
189			2			0     282,283,
190			2			1     284,285,
191			1			2     286
192			0			0       SIN HIJOS
193			1			2     287
194			3			1     288,289,290,
195			1			1     291
196			2			3     292,293,
197			0			1       SIN HIJOS
198			1			2     294
199			0			3       SIN HIJOS
200			1			3     295
201			3			0     296,297,298,
202			0			0       SIN HIJOS
203			0			2       SIN HIJOS
204			2			1     299,300,
205			1			2     301
206			0			3       SIN HIJOS
207			0			0       SIN HIJOS
208			0			0       SIN HIJOS
209			3			3     302,303,304,
210			0			0       SIN HIJOS
211			3			1     305,306,307,
212			1			2     308
213			1			1     309
214			3			1     310,311,312,
215			0			3       SIN HIJOS
216			0			1       SIN HIJOS
217			1			3     313
218			2			1     314,315,
219			0			2       SIN HIJOS
220			1			3     316
221			2			2     317,318,
222			0			2       SIN HIJOS
223			3			1     319,320,321,
224			3			2     322,323,324,
225			3			3     325,326,327,
226			1			1     328
227			3			3     329,330,331,
228			3			0     332,333,334,
229			1			2     335
230			0			1       SIN HIJOS
231			0			2       SIN HIJOS
232			2			0     336,337,
233			0			3       SIN HIJOS
234			2			0     338,339,
235			2			3     340,341,
236			3			3     342,343,344,
237			2			3     345,346,
238			0			1       SIN HIJOS
239			2			0     347,348,
240			2			1     349,350,
241			2			3     351,352,
242			0			0       SIN HIJOS
243			1			1     353
244			2			2     354,355,
245			3			2     356,357,358,
246			1			1     359
247			3			0     360,361,362,
248			1			1     363
249			3			2     364,365,366,
250			2			1     367,368,
251			1			1     369
252			3			0     370,371,372,
253			1			3     373
254			3			0     374,375,376,
255			0			2       SIN HIJOS
256			2			1     377,378,
257			3			3     379,380,381,
258			0			1       SIN HIJOS
259			0			0       SIN HIJOS
260			0			3       SIN HIJOS
261			0			3       SIN HIJOS
262			0			2       SIN HIJOS
263			2			0     382,383,
264			3			3     384,385,386,
265			2			1     387,388,
266			3			1     389,390,391,
267			2			3     392,393,
268			0			3       SIN HIJOS
269			2			0     394,395,
270			1			3     396
271			2			3     397,398,
272			1			3     399
273			3			3     400,401,402,
274			1			1     403
275			1			0     404
276			0			3       SIN HIJOS
277			3			2     405,406,407,
278			2			2     408,409,
279			0			0       SIN HIJOS
280			2			2     410,411,
281			3			0     412,413,414,
282			2			3     415,416,
283			1			3     417
284			0			2       SIN HIJOS
285			1			3     418
286			2			3     419,420,
287			3			3     421,422,423,
288			1			2     424
289			1			3     425
290			3			3     426,427,428,
291			3			1     429,430,431,
292			2			2     432,433,
293			1			3     434
294			0			3       SIN HIJOS
295			2			2     435,436,
296			0			3       SIN HIJOS
297			3			2     437,438,439,
298			1			3     440
299			1			3     441
300			2			0     442,443,
301			3			0     444,445,446,
302			2			0     447,448,
303			3			1     449,450,451,
304			1			2     452
305			3			2     453,454,455,
306			2			0     456,457,
307			3			2     458,459,460,
308			2			1     461,462,
309			1			2     463
310			0			1       SIN HIJOS
311			0			3       SIN HIJOS
312			3			1     464,465,466,
313			1			1     467
314			2			2     468,469,
315			2			0     470,471,
316			2			2     472,473,
317			0			2       SIN HIJOS
318			1			0     474
319			0			3       SIN HIJOS
320			0			3       SIN HIJOS
321			1			2     475
322			2			3     476,477,
323			0			1       SIN HIJOS
324			0			3       SIN HIJOS
325			0			2       SIN HIJOS
326			0			2       SIN HIJOS
327			1			3     478
328			2			0     479,480,
329			2			3     481,482,
330			3			3     483,484,485,
331			2			2     486,487,
332			0			3       SIN HIJOS
333			3			3     488,489,490,
334			3			1     491,492,493,
335			0			3       SIN HIJOS
336			0			2       SIN HIJOS
337			1			1     494
338			3			0     495,496,497,
339			3			0     498,499,500,
340			0			1       SIN HIJOS
341			2			1     501,502,
342			3			0     503,504,505,
343			1			1     506
344			1			0     507
345			1			1     508
346			2			2     509,510,
347			2			0     511,512,
348			0			3       SIN HIJOS
349			1			1     513
350			0			2       SIN HIJOS
351			3			2     514,515,516,
352			0			3       SIN HIJOS
353			0			0       SIN HIJOS
354			1			3     517
355			0			0       SIN HIJOS
356			2			2     518,519,
357			2			1     520,521,
358			0			3       SIN HIJOS
359			2			3     522,523,
360			3			2     524,525,526,
361			0			3       SIN HIJOS
362			1			0     527
363			1			0     528
364			2			2     529,530,
365			1			1     531
366			0			3       SIN HIJOS
367			2			0     532,533,
368			0			0       SIN HIJOS
369			1			3     534
370			0			1       SIN HIJOS
371			2			1     535,536,
372			2			2     537,538,
373			0			3       SIN HIJOS
374			1			1     539
375			1			3     540
376			2			1     541,542,
377			3			0     543,544,545,
378			2			0     546,547,
379			1			0     548
380			2			1     549,550,
381			0			3       SIN HIJOS
382			0			1       SIN HIJOS
383			1			1     551
384			0			3       SIN HIJOS
385			1			1     552
386			0			1       SIN HIJOS
387			2			2     553,554,
388			0			1       SIN HIJOS
389			2			2     555,556,
390			1			0     557
391			1			2     558
392			1			2     559
393			3			2     560,561,562,
394			0			2       SIN HIJOS
395			2			1     563,564,
396			1			3     565
397			2			2     566,567,
398			2			3     568,569,
399			3			0     570,571,572,
400			0			3       SIN HIJOS
401			3			0     573,574,575,
402			2			0     576,577,
403			3			1     578,579,580,
404			1			0     581
405			1			0     582
406			0			3       SIN HIJOS
407			0			0       SIN HIJOS
408			0			0       SIN HIJOS
409			0			3       SIN HIJOS
410			3			3     583,584,585,
411			1			3     586
412			1			1     587
413			2			0     588,589,
414			3			1     590,591,592,
415			0			2       SIN HIJOS
416			0			1       SIN HIJOS
417			1			2     593
418			0			0       SIN HIJOS
419			2			0     594,595,
420			3			2     596,597,598,
421			0			3       SIN HIJOS
422			2			3     599,600,
423			2			0     601,602,
424			0			3       SIN HIJOS
425			1			0     603
426			3			1     604,605,606,
427			2			1     607,608,
428			3			1     609,610,611,
429			0			3       SIN HIJOS
430			0			0       SIN HIJOS
431			2			3     612,613,
432			0			3       SIN HIJOS
433			3			0     614,615,616,
434			0			3       SIN HIJOS
435			2			0     617,618,
436			3			3     619,620,621,
437			1			1     622
438			3			3     623,624,625,
439			0			0       SIN HIJOS
440			3			3     626,627,628,
441			3			1     629,630,631,
442			0			3       SIN HIJOS
443			0			1       SIN HIJOS
444			0			1       SIN HIJOS
445			1			0     632
446			3			3     633,634,635,
447			2			3     636,637,
448			0			3       SIN HIJOS
449			2			2     638,639,
450			0			1       SIN HIJOS
451			0			1       SIN HIJOS
452			2			0     640,641,
453			0			0       SIN HIJOS
454			3			3     642,643,644,
455			2			2     645,646,
456			2			1     647,648,
457			1			2     649
458			2			2     650,651,
459			0			1       SIN HIJOS
460			2			1     652,653,
461			1			3     654
462			2			2     655,656,
463			3			2     657,658,659,
464			1			1     660
465			2			3     661,662,
466			2			0     663,664,
467			0			2       SIN HIJOS
468			3			0     665,666,667,
469			2			0     668,669,
470			2			3     670,671,
471			3			3     672,673,674,
472			1			0     675
473			0			2       SIN HIJOS
474			1			0     676
475			1			2     677
476			3			3     678,679,680,
477			3			0     681,682,683,
478			0			2       SIN HIJOS
479			3			3     684,685,686,
480			1			0     687
481			2			1     688,689,
482			1			2     690
483			1			1     691
484			1			3     692
485			3			3     693,694,695,
486			0			0       SIN HIJOS
487			0			3       SIN HIJOS
488			1			0     696
489			0			3       SIN HIJOS
490			1			0     697
491			0			0       SIN HIJOS
492			2			1     698,699,
493			0			3       SIN HIJOS
494			0			2       SIN HIJOS
495			2			0     700,701,
496			2			0     702,703,
497			3			2     704,705,706,
498			0			2       SIN HIJOS
499			3			0     707,708,709,
500			2			2     710,711,
501			2			0     712,713,
502			1			1     714
503			0			2       SIN HIJOS
504			0			2       SIN HIJOS
505			0			3       SIN HIJOS
506			3			2     715,716,717,
507			0			3       SIN HIJOS
508			2			2     718,719,
509			0			3       SIN HIJOS
510			0			2       SIN HIJOS
511			1			3     720
512			2			1     721,722,
513			0			3       SIN HIJOS
514			1			1     723
515			0			0       SIN HIJOS
516			1			0     724
517			3			2     725,726,727,
518			2			2     728,729,
519			0			0       SIN HIJOS
520			0			1       SIN HIJOS
521			0			3       SIN HIJOS
522			1			3     730
523			2			2     731,732,
524			1			3     733
525			2			1     734,735,
526			3			3     736,737,738,
527			0			1       SIN HIJOS
528			3			0     739,740,741,
529			2			0     742,743,
530			3			2     744,745,746,
531			1			1     747
532			1			1     748
533			0			2       SIN HIJOS
534			1			0     749
535			3			0     750,751,752,
536			3			1     753,754,755,
537			2			3     756,757,
538			0			2       SIN HIJOS
539			2			2     758,759,
540			2			3     760,761,
541			2			1     762,763,
542			1			0     764
543			2			2     765,766,
544			3			0     767,768,769,
545			0			0       SIN HIJOS
546			2			1     770,771,
547			1			3     772
548			0			2       SIN HIJOS
549			3			0     773,774,775,
550			3			2     776,777,778,
551			2			3     779,780,
552			3			3     781,782,783,
553			3			2     784,785,786,
554			1			3     787
555			3			0     788,789,790,
556			1			2     791
557			1			3     792
558			2			1     793,794,
559			0			1       SIN HIJOS
560			0			1       SIN HIJOS
561			3			1     795,796,797,
562			2			2     798,799,
563			2			1     800,801,
564			1			1     802
565			0			3       SIN HIJOS
566			1			1     803
567			1			1     804
568			3			2     805,806,807,
569			2			2     808,809,
570			2			3     810,811,
571			2			1     812,813,
572			2			1     814,815,
573			3			3     816,817,818,
574			2			2     819,820,
575			1			0     821
576			1			3     822
577			3			1     823,824,825,
578			3			2     826,827,828,
579			0			1       SIN HIJOS
580			0			1       SIN HIJOS
581			0			1       SIN HIJOS
582			1			3     829
583			3			2     830,831,832,
584			2			2     833,834,
585			0			1       SIN HIJOS
586			1			1     835
587			2			0     836,837,
588			1			2     838
589			3			0     839,840,841,
590			1			0     842
591			2			1     843,844,
592			1			3     845
593			3			1     846,847,848,
594			1			0     849
595			0			1       SIN HIJOS
596			1			3     850
597			2			0     851,852,
598			1			2     853
599			0			2       SIN HIJOS
600			2			0     854,855,
601			0			0       SIN HIJOS
602			1			1     856
603			0			0       SIN HIJOS
604			2			0     857,858,
605			2			3     859,860,
606			3			2     861,862,863,
607			2			1     864,865,
608			2			1     866,867,
609			0			1       SIN HIJOS
610			0			1       SIN HIJOS
611			2			2     868,869,
612			0			1       SIN HIJOS
613			3			1     870,871,872,
614			0			1       SIN HIJOS
615			1			0     873
616			2			3     874,875,
617			0			3       SIN HIJOS
618			1			0     876
619			3			0     877,878,879,
620			1			0     880
621			3			0     881,882,883,
622			0			1       SIN HIJOS
623			2			0     884,885,
624			3			3     886,887,888,
625			1			1     889
626			0			0       SIN HIJOS
627			1			0     890
628			2			2     891,892,
629			3			0     893,894,895,
630			2			1     896,897,
631			2			1     898,899,
632			2			3     900,901,
633			0			1       SIN HIJOS
634			3			1     902,903,904,
635			0			1       SIN HIJOS
636			2			0     905,906,
637			3			3     907,908,909,
638			1			3     910
639			2			1     911,912,
640			0			3       SIN HIJOS
641			3			1     913,914,915,
642			2			1     916,917,
643			1			2     918
644			1			2     919
645			1			1     920
646			2			1     921,922,
647			3			1     923,924,925,
648			2			0     926,927,
649			1			0     928
650			2			0     929,930,
651			2			3     931,932,
652			2			3     933,934,
653			2			0     935,936,
654			0			2       SIN HIJOS
655			1			2     937
656			1			0     938
657			1			0     939
658			0			0       SIN HIJOS
659			0			2       SIN HIJOS
660			2			2     940,941,
661			2			0     942,943,
662			2			1     944,945,
663			2			0     946,947,
664			2			3     948,949,
665			3			2     950,951,952,
666			2			2     953,954,
667			2			2     955,956,
668			3			1     957,958,959,
669			3			2     960,961,962,
670			2			2     963,964,
671			0			1       SIN HIJOS
672			2			3     965,966,
673			0			3       SIN HIJOS
674			0			2       SIN HIJOS
675			3			2     967,968,969,
676			1			1     970
677			1			0     971
678			1			2     972
679			2			2     973,974,
680			2			3     975,976,
681			1			0     977
682			3			1     978,979,980,
683			0			2       SIN HIJOS
684			2			3     981,982,
685			3			3     983,984,985,
686			0			1       SIN HIJOS
687			2			3     986,987,
688			3			2     988,989,990,
689			0			2       SIN HIJOS
690			0			2       SIN HIJOS
691			1			3     991
692			3			0     992,993,994,
693			3			2     995,996,997,
694			3			2     998,999,1000,
695			1			2     1001
696			2			1     1002,1003,
697			0			2       SIN HIJOS
698			1			0     1004
699			3			2     1005,1006,1007,
700			0			0       SIN HIJOS
701			1			1     1008
702			0			1       SIN HIJOS
703			0			0       SIN HIJOS
704			1			3     1009
705			0			1       SIN HIJOS
706			2			0     1010,1011,
707			0			1       SIN HIJOS
708			2			1     1012,1013,
709			0			2       SIN HIJOS
710			0			0       SIN HIJOS
711			0			2       SIN HIJOS
712			3			3     1014,1015,1016,
713			3			0     1017,1018,1019,
714			0			0       SIN HIJOS
715			0			0       SIN HIJOS
716			3			0     1020,1021,1022,
717			1			1     1023
718			0			2       SIN HIJOS
719			1			0     1024
720			2			2     1025,1026,
721			0			0       SIN HIJOS
722			0			1       SIN HIJOS
723			0			0       SIN HIJOS
724			0			2       SIN HIJOS
725			3			0     1027,1028,1029,
726			0			1       SIN HIJOS
727			2			0     1030,1031,
728			3			3     1032,1033,1034,
729			3			1     1035,1036,1037,
730			0			3       SIN HIJOS
731			2			2     1038,1039,
732			1			0     1040
733			1			2     1041
734			3			2     1042,1043,1044,
735			2			2     1045,1046,
736			3			2     1047,1048,1049,
737			1			2     1050
738			0			0       SIN HIJOS
739			2			3     1051,1052,
740			0			2       SIN HIJOS
741			0			0       SIN HIJOS
742			0			3       SIN HIJOS
743			3			1     1053,1054,1055,
744			3			1     1056,1057,1058,
745			0			3       SIN HIJOS
746			1			0     1059
747			2			1     1060,1061,
748			1			3     1062
749			3			2     1063,1064,1065,
750			0			3       SIN HIJOS
751			3			0     1066,1067,1068,
752			1			3     1069
753			3			0     1070,1071,1072,
754			1			1     1073
755			2			3     1074,1075,
756			1			2     1076
757			0			1       SIN HIJOS
758			2			1     1077,1078,
759			1			0     1079
760			0			0       SIN HIJOS
761			1			0     1080
762			3			3     1081,1082,1083,
763			3			0     1084,1085,1086,
764			2			1     1087,1088,
765			3			3     1089,1090,1091,
766			1			1     1092
767			3			0     1093,1094,1095,
768			2			1     1096,1097,
769			2			2     1098,1099,
770			2			0     1100,1101,
771			3			0     1102,1103,1104,
772			1			1     1105
773			3			1     1106,1107,1108,
774			3			3     1109,1110,1111,
775			2			3     1112,1113,
776			0			0       SIN HIJOS
777			2			1     1114,1115,
778			3			1     1116,1117,1118,
779			2			1     1119,1120,
780			2			3     1121,1122,
781			2			2     1123,1124,
782			1			2     1125
783			2			3     1126,1127,
784			0			1       SIN HIJOS
785			0			0       SIN HIJOS
786			1			2     1128
787			2			2     1129,1130,
788			3			3     1131,1132,1133,
789			0			2       SIN HIJOS
790			3			2     1134,1135,1136,
791			2			0     1137,1138,
792			1			1     1139
793			1			2     1140
794			3			1     1141,1142,1143,
795			3			2     1144,1145,1146,
796			0			0       SIN HIJOS
797			0			3       SIN HIJOS
798			0			0       SIN HIJOS
799			1			1     1147
800			1			2     1148
801			0			2       SIN HIJOS
802			1			3     1149
803			2			1     1150,1151,
804			3			1     1152,1153,1154,
805			0			1       SIN HIJOS
806			3			1     1155,1156,1157,
807			2			1     1158,1159,
808			2			3     1160,1161,
809			3			2     1162,1163,1164,
810			1			0     1165
811			1			0     1166
812			0			0       SIN HIJOS
813			0			2       SIN HIJOS
814			2			2     1167,1168,
815			0			1       SIN HIJOS
816			3			0     1169,1170,1171,
817			0			3       SIN HIJOS
818			2			1     1172,1173,
819			0			1       SIN HIJOS
820			1			2     1174
821			3			1     1175,1176,1177,
822			1			0     1178
823			1			0     1179
824			2			3     1180,1181,
825			3			3     1182,1183,1184,
826			3			0     1185,1186,1187,
827			1			3     1188
828			2			3     1189,1190,
829			2			3     1191,1192,
830			3			1     1193,1194,1195,
831			2			1     1196,1197,
832			1			3     1198
833			0			1       SIN HIJOS
834			0			2       SIN HIJOS
835			0			1       SIN HIJOS
836			1			2     1199
837			0			0       SIN HIJOS
838			3			0     1200,1201,1202,
839			0			1       SIN HIJOS
840			3			1     1203,1204,1205,
841			2			3     1206,1207,
842			3			3     1208,1209,1210,
843			2			3     1211,1212,
844			2			2     1213,1214,
845			0			1       SIN HIJOS
846			3			3     1215,1216,1217,
847			0			3       SIN HIJOS
848			2			0     1218,1219,
849			2			2     1220,1221,
850			3			1     1222,1223,1224,
851			1			2     1225
852			3			1     1226,1227,1228,
853			3			0     1229,1230,1231,
854			0			0       SIN HIJOS
855			3			2     1232,1233,1234,
856			0			3       SIN HIJOS
857			3			3     1235,1236,1237,
858			3			0     1238,1239,1240,
859			1			3     1241
860			0			0       SIN HIJOS
861			3			1     1242,1243,1244,
862			2			3     1245,1246,
863			2			0     1247,1248,
864			0			2       SIN HIJOS
865			3			3     1249,1250,1251,
866			0			2       SIN HIJOS
867			3			0     1252,1253,1254,
868			3			0     1255,1256,1257,
869			1			2     1258
870			3			0     1259,1260,1261,
871			1			1     1262
872			1			3     1263
873			0			3       SIN HIJOS
874			1			0     1264
875			1			1     1265
876			0			2       SIN HIJOS
877			2			3     1266,1267,
878			0			2       SIN HIJOS
879			3			0     1268,1269,1270,
880			2			2     1271,1272,
881			1			0     1273
882			1			2     1274
883			3			3     1275,1276,1277,
884			1			2     1278
885			2			2     1279,1280,
886			2			1     1281,1282,
887			3			0     1283,1284,1285,
888			2			0     1286,1287,
889			1			2     1288
890			0			2       SIN HIJOS
891			3			3     1289,1290,1291,
892			2			2     1292,1293,
893			3			3     1294,1295,1296,
894			2			2     1297,1298,
895			3			2     1299,1300,1301,
896			0			3       SIN HIJOS
897			0			0       SIN HIJOS
898			3			0     1302,1303,1304,
899			1			2     1305
900			1			0     1306
901			1			0     1307
902			0			2       SIN HIJOS
903			0			1       SIN HIJOS
904			3			3     1308,1309,1310,
905			3			2     1311,1312,1313,
906			0			2       SIN HIJOS
907			2			2     1314,1315,
908			3			3     1316,1317,1318,
909			2			1     1319,1320,
910			2			2     1321,1322,
911			3			0     1323,1324,1325,
912			2			1     1326,1327,
913			0			1       SIN HIJOS
914			2			1     1328,1329,
915			0			3       SIN HIJOS
916			3			0     1330,1331,1332,
917			3			0     1333,1334,1335,
918			1			3     1336
919			1			1     1337
920			0			3       SIN HIJOS
921			2			1     1338,1339,
922			1			1     1340
923			3			2     1341,1342,1343,
924			1			2     1344
925			0			0       SIN HIJOS
926			1			2     1345
927			3			0     1346,1347,1348,
928			0			0       SIN HIJOS
929			0			1       SIN HIJOS
930			3			3     1349,1350,1351,
931			1			0     1352
932			0			0       SIN HIJOS
933			3			1     1353,1354,1355,
934			1			0     1356
935			2			3     1357,1358,
936			1			0     1359
937			1			0     1360
938			2			2     1361,1362,
939			2			3     1363,1364,
940			1			1     1365
941			1			2     1366
942			0			3       SIN HIJOS
943			2			3     1367,1368,
944			3			1     1369,1370,1371,
945			0			1       SIN HIJOS
946			0			0       SIN HIJOS
947			3			2     1372,1373,1374,
948			2			0     1375,1376,
949			2			0     1377,1378,
950			0			2       SIN HIJOS
951			2			1     1379,1380,
952			2			2     1381,1382,
953			1			3     1383
954			1			1     1384
955			2			0     1385,1386,
956			0			3       SIN HIJOS
957			0			1       SIN HIJOS
958			1			0     1387
959			1			1     1388
960			1			3     1389
961			1			1     1390
962			3			0     1391,1392,1393,
963			3			1     1394,1395,1396,
964			3			2     1397,1398,1399,
965			3			1     1400,1401,1402,
966			2			0     1403,1404,
967			1			1     1405
968			3			2     1406,1407,1408,
969			1			2     1409
970			2			2     1410,1411,
971			0			2       SIN HIJOS
972			0			0       SIN HIJOS
973			2			2     1412,1413,
974			2			1     1414,1415,
975			0			2       SIN HIJOS
976			3			3     1416,1417,1418,
977			3			0     1419,1420,1421,
978			3			1     1422,1423,1424,
979			1			1     1425
980			1			0     1426
981			3			0     1427,1428,1429,
982			3			3     1430,1431,1432,
983			1			0     1433
984			1			3     1434
985			2			0     1435,1436,
986			3			2     1437,1438,1439,
987			3			1     1440,1441,1442,
988			3			1     1443,1444,1445,
989			2			1     1446,1447,
990			2			3     1448,1449,
991			1			1     1450
992			1			3     1451
993			1			0     1452
994			3			1     1453,1454,1455,
995			0			1       SIN HIJOS
996			2			2     1456,1457,
997			2			1     1458,1459,
998			3			2     1460,1461,1462,
999			3			2     1463,1464,1465,
1000			2			1     1466,1467,
1001			0			3       SIN HIJOS
1002			1			0     1468
1003			0			1       SIN HIJOS
1004			0			1       SIN HIJOS
1005			1			1     1469
1006			0			1       SIN HIJOS
1007			3			0     1470,1471,1472,
1008			0			1       SIN HIJOS
1009			0			3       SIN HIJOS
1010			1			3     1473
1011			1			2     1474
1012			1			2     1475
1013			3			3     1476,1477,1478,
1014			2			1     1479,1480,
1015			2			3     1481,1482,
1016			0			1       SIN HIJOS
1017			2			1     1483,1484,
1018			0			0       SIN HIJOS
1019			2			2     1485,1486,
1020			2			0     1487,1488,
1021			2			3     1489,1490,
1022			2			3     1491,1492,
1023			0			1       SIN HIJOS
1024			2			1     1493,1494,
1025			3			2     1495,1496,1497,
1026			0			0       SIN HIJOS
1027			3			1     1498,1499,1500,
1028			1			2     1501
1029			3			3     1502,1503,1504,
1030			1			0     1505
1031			3			2     1506,1507,1508,
1032			1			2     1509
1033			0			3       SIN HIJOS
1034			1			3     1510
1035			2			3     1511,1512,
1036			3			2     1513,1514,1515,
1037			2			0     1516,1517,
1038			3			1     1518,1519,1520,
1039			1			1     1521
1040			1			1     1522
1041			3			1     1523,1524,1525,
1042			0			3       SIN HIJOS
1043			3			3     1526,1527,1528,
1044			0			1       SIN HIJOS
1045			1			1     1529
1046			2			0     1530,1531,
1047			1			1     1532
1048			3			0     1533,1534,1535,
1049			0			1       SIN HIJOS
1050			2			0     1536,1537,
1051			0			2       SIN HIJOS
1052			2			0     1538,1539,
1053			1			2     1540
1054			3			0     1541,1542,1543,
1055			1			3     1544
1056			3			3     1545,1546,1547,
1057			3			3     1548,1549,1550,
1058			1			0     1551
1059			0			3       SIN HIJOS
1060			1			0     1552
1061			2			1     1553,1554,
1062			2			0     1555,1556,
1063			2			2     1557,1558,
1064			0			0       SIN HIJOS
1065			3			2     1559,1560,1561,
1066			0			0       SIN HIJOS
1067			3			1     1562,1563,1564,
1068			3			1     1565,1566,1567,
1069			2			1     1568,1569,
1070			2			3     1570,1571,
1071			1			1     1572
1072			2			3     1573,1574,
1073			0			2       SIN HIJOS
1074			2			0     1575,1576,
1075			3			0     1577,1578,1579,
1076			0			2       SIN HIJOS
1077			1			3     1580
1078			2			0     1581,1582,
1079			2			2     1583,1584,
1080			2			1     1585,1586,
1081			0			0       SIN HIJOS
1082			0			1       SIN HIJOS
1083			0			1       SIN HIJOS
1084			2			2     1587,1588,
1085			2			3     1589,1590,
1086			0			3       SIN HIJOS
1087			0			1       SIN HIJOS
1088			1			3     1591
1089			2			0     1592,1593,
1090			2			1     1594,1595,
1091			3			1     1596,1597,1598,
1092			1			3     1599
1093			3			3     1600,1601,1602,
1094			1			1     1603
1095			2			1     1604,1605,
1096			0			3       SIN HIJOS
1097			0			1       SIN HIJOS
1098			0			1       SIN HIJOS
1099			2			2     1606,1607,
1100			3			2     1608,1609,1610,
1101			0			2       SIN HIJOS
1102			1			3     1611
1103			3			1     1612,1613,1614,
1104			0			1       SIN HIJOS
1105			0			2       SIN HIJOS
1106			2			2     1615,1616,
1107			1			3     1617
1108			0			3       SIN HIJOS
1109			0			0       SIN HIJOS
1110			2			2     1618,1619,
1111			2			2     1620,1621,
1112			2			3     1622,1623,
1113			2			2     1624,1625,
1114			2			0     1626,1627,
1115			2			3     1628,1629,
1116			2			1     1630,1631,
1117			1			0     1632
1118			1			3     1633
1119			1			3     1634
1120			3			0     1635,1636,1637,
1121			3			0     1638,1639,1640,
1122			3			0     1641,1642,1643,
1123			1			2     1644
1124			1			3     1645
1125			3			3     1646,1647,1648,
1126			3			3     1649,1650,1651,
1127			1			3     1652
1128			3			0     1653,1654,1655,
1129			0			3       SIN HIJOS
1130			1			0     1656
1131			3			1     1657,1658,1659,
1132			3			3     1660,1661,1662,
1133			0			3       SIN HIJOS
1134			0			3       SIN HIJOS
1135			3			0     1663,1664,1665,
1136			1			1     1666
1137			2			2     1667,1668,
1138			1			1     1669
1139			2			2     1670,1671,
1140			0			2       SIN HIJOS
1141			1			0     1672
1142			3			1     1673,1674,1675,
1143			0			2       SIN HIJOS
1144			1			2     1676
1145			2			3     1677,1678,
1146			1			3     1679
1147			2			1     1680,1681,
1148			2			1     1682,1683,
1149			2			0     1684,1685,
1150			3			0     1686,1687,1688,
1151			1			3     1689
1152			0			3       SIN HIJOS
1153			2			0     1690,1691,
1154			0			0       SIN HIJOS
1155			1			3     1692
1156			2			1     1693,1694,
1157			1			3     1695
1158			1			3     1696
1159			2			0     1697,1698,
1160			3			1     1699,1700,1701,
1161			1			0     1702
1162			1			0     1703
1163			2			1     1704,1705,
1164			3			2     1706,1707,1708,
1165			2			2     1709,1710,
1166			0			1       SIN HIJOS
1167			2			2     1711,1712,
1168			3			2     1713,1714,1715,
1169			2			1     1716,1717,
1170			1			1     1718
1171			1			0     1719
1172			1			3     1720
1173			0			3       SIN HIJOS
1174			3			1     1721,1722,1723,
1175			0			1       SIN HIJOS
1176			1			2     1724
1177			1			0     1725
1178			3			0     1726,1727,1728,
1179			1			1     1729
1180			3			3     1730,1731,1732,
1181			1			3     1733
1182			0			2       SIN HIJOS
1183			2			3     1734,1735,
1184			3			2     1736,1737,1738,
1185			3			2     1739,1740,1741,
1186			2			1     1742,1743,
1187			3			2     1744,1745,1746,
1188			2			0     1747,1748,
1189			1			2     1749
1190			0			3       SIN HIJOS
1191			2			1     1750,1751,
1192			0			0       SIN HIJOS
1193			1			0     1752
1194			2			2     1753,1754,
1195			0			3       SIN HIJOS
1196			0			2       SIN HIJOS
1197			3			1     1755,1756,1757,
1198			0			0       SIN HIJOS
1199			3			3     1758,1759,1760,
1200			2			0     1761,1762,
1201			1			3     1763
1202			1			3     1764
1203			2			1     1765,1766,
1204			2			0     1767,1768,
1205			1			2     1769
1206			0			2       SIN HIJOS
1207			3			3     1770,1771,1772,
1208			2			0     1773,1774,
1209			2			0     1775,1776,
1210			2			2     1777,1778,
1211			1			2     1779
1212			0			1       SIN HIJOS
1213			3			1     1780,1781,1782,
1214			2			2     1783,1784,
1215			3			2     1785,1786,1787,
1216			1			3     1788
1217			3			0     1789,1790,1791,
1218			0			3       SIN HIJOS
1219			3			1     1792,1793,1794,
1220			3			0     1795,1796,1797,
1221			3			0     1798,1799,1800,
1222			3			1     1801,1802,1803,
1223			3			0     1804,1805,1806,
1224			0			0       SIN HIJOS
1225			3			0     1807,1808,1809,
1226			3			0     1810,1811,1812,
1227			0			1       SIN HIJOS
1228			1			0     1813
1229			2			3     1814,1815,
1230			0			0       SIN HIJOS
1231			2			0     1816,1817,
1232			0			0       SIN HIJOS
1233			1			1     1818
1234			1			2     1819
1235			1			2     1820
1236			3			3     1821,1822,1823,
1237			0			0       SIN HIJOS
1238			1			1     1824
1239			3			1     1825,1826,1827,
1240			2			2     1828,1829,
1241			1			3     1830
1242			2			1     1831,1832,
1243			0			1       SIN HIJOS
1244			1			1     1833
1245			3			3     1834,1835,1836,
1246			1			3     1837
1247			1			0     1838
1248			0			1       SIN HIJOS
1249			0			1       SIN HIJOS
1250			2			3     1839,1840,
1251			2			3     1841,1842,
1252			0			1       SIN HIJOS
1253			0			1       SIN HIJOS
1254			3			0     1843,1844,1845,
1255			3			3     1846,1847,1848,
1256			1			2     1849
1257			0			3       SIN HIJOS
1258			1			0     1850
1259			2			2     1851,1852,
1260			2			2     1853,1854,
1261			3			0     1855,1856,1857,
1262			0			2       SIN HIJOS
1263			3			3     1858,1859,1860,
1264			3			0     1861,1862,1863,
1265			0			1       SIN HIJOS
1266			1			2     1864
1267			3			2     1865,1866,1867,
1268			0			2       SIN HIJOS
1269			2			1     1868,1869,
1270			3			1     1870,1871,1872,
1271			2			1     1873,1874,
1272			3			2     1875,1876,1877,
1273			3			2     1878,1879,1880,
1274			1			2     1881
1275			2			3     1882,1883,
1276			2			3     1884,1885,
1277			1			0     1886
1278			3			1     1887,1888,1889,
1279			1			2     1890
1280			2			1     1891,1892,
1281			1			1     1893
1282			1			0     1894
1283			2			1     1895,1896,
1284			2			3     1897,1898,
1285			3			2     1899,1900,1901,
1286			2			1     1902,1903,
1287			1			2     1904
1288			2			0     1905,1906,
1289			2			1     1907,1908,
1290			2			1     1909,1910,
1291			3			2     1911,1912,1913,
1292			0			2       SIN HIJOS
1293			2			1     1914,1915,
1294			1			1     1916
1295			3			3     1917,1918,1919,
1296			2			2     1920,1921,
1297			1			1     1922
1298			2			3     1923,1924,
1299			3			1     1925,1926,1927,
1300			2			0     1928,1929,
1301			2			1     1930,1931,
1302			1			2     1932
1303			0			1       SIN HIJOS
1304			0			0       SIN HIJOS
1305			3			0     1933,1934,1935,
1306			1			3     1936
1307			1			1     1937
1308			0			1       SIN HIJOS
1309			2			0     1938,1939,
1310			2			1     1940,1941,
1311			0			2       SIN HIJOS
1312			2			1     1942,1943,
1313			3			1     1944,1945,1946,
1314			0			2       SIN HIJOS
1315			1			1     1947
1316			3			3     1948,1949,1950,
1317			0			2       SIN HIJOS
1318			2			3     1951,1952,
1319			2			3     1953,1954,
1320			3			0     1955,1956,1957,
1321			3			2     1958,1959,1960,
1322			0			0       SIN HIJOS
1323			1			1     1961
1324			2			3     1962,1963,
1325			0			1       SIN HIJOS
1326			2			1     1964,1965,
1327			1			1     1966
1328			1			2     1967
1329			1			0     1968
1330			3			2     1969,1970,1971,
1331			1			3     1972
1332			3			2     1973,1974,1975,
1333			0			1       SIN HIJOS
1334			3			0     1976,1977,1978,
1335			3			0     1979,1980,1981,
1336			2			2     1982,1983,
1337			1			1     1984
1338			1			2     1985
1339			3			2     1986,1987,1988,
1340			2			1     1989,1990,
1341			1			3     1991
1342			1			1     1992
1343			1			2     1993
1344			1			3     1994
1345			3			0     1995,1996,1997,
1346			3			1     1998,1999,2000,
1347			3			1     2001,2002,2003,
1348			1			0     2004
1349			3			1     2005,2006,2007,
1350			2			2     2008,2009,
1351			0			0       SIN HIJOS
1352			0			2       SIN HIJOS
1353			2			3     2010,2011,
1354			2			3     2012,2013,
1355			2			0     2014,2015,
1356			0			2       SIN HIJOS
1357			0			0       SIN HIJOS
1358			3			2     2016,2017,2018,
1359			1			3     2019
1360			1			2     2020
1361			2			3     2021,2022,
1362			0			2       SIN HIJOS
1363			2			0     2023,2024,
1364			1			2     2025
1365			1			0     2026
1366			1			0     2027
1367			1			3     2028
1368			3			2     2029,2030,2031,
1369			1			1     2032
1370			1			3     2033
1371			3			3     2034,2035,2036,
1372			0			2       SIN HIJOS
1373			2			2     2037,2038,
1374			0			3       SIN HIJOS
1375			0			2       SIN HIJOS
1376			1			2     2039
1377			2			2     2040,2041,
1378			2			2     2042,2043,
1379			2			0     2044,2045,
1380			0			2       SIN HIJOS
1381			1			0     2046
1382			2			2     2047
1383			0			0       SIN HIJOS
1384			0			0       SIN HIJOS
1385			0			3       SIN HIJOS
1386			0			0       SIN HIJOS
1387			0			2       SIN HIJOS
1388			0			1       SIN HIJOS
1389			0			2       SIN HIJOS
1390			0			1       SIN HIJOS
1391			0			3       SIN HIJOS
1392			0			0       SIN HIJOS
1393			0			1       SIN HIJOS
1394			0			3       SIN HIJOS
1395			0			1       SIN HIJOS
1396			0			3       SIN HIJOS
1397			0			2       SIN HIJOS
1398			0			0       SIN HIJOS
1399			0			0       SIN HIJOS
1400			0			3       SIN HIJOS
1401			0			0       SIN HIJOS
1402			0			0       SIN HIJOS
1403			0			2       SIN HIJOS
1404			0			0       SIN HIJOS
1405			0			0       SIN HIJOS
1406			0			2       SIN HIJOS
1407			0			0       SIN HIJOS
1408			0			3       SIN HIJOS
1409			0			3       SIN HIJOS
1410			0			3       SIN HIJOS
1411			0			3       SIN HIJOS
1412			0			2       SIN HIJOS
1413			0			1       SIN HIJOS
1414			0			3       SIN HIJOS
1415			0			3       SIN HIJOS
1416			0			0       SIN HIJOS
1417			0			2       SIN HIJOS
1418			0			2       SIN HIJOS
1419			0			3       SIN HIJOS
1420			0			2       SIN HIJOS
1421			0			0       SIN HIJOS
1422			0			0       SIN HIJOS
1423			0			0       SIN HIJOS
1424			0			3       SIN HIJOS
1425			0			2       SIN HIJOS
1426			0			2       SIN HIJOS
1427			0			1       SIN HIJOS
1428			0			1       SIN HIJOS
1429			0			3       SIN HIJOS
1430			0			3       SIN HIJOS
1431			0			1       SIN HIJOS
1432			0			1       SIN HIJOS
1433			0			3       SIN HIJOS
1434			0			3       SIN HIJOS
1435			0			1       SIN HIJOS
1436			0			3       SIN HIJOS
1437			0			1       SIN HIJOS
1438			0			3       SIN HIJOS
1439			0			2       SIN HIJOS
1440			0			0       SIN HIJOS
1441			0			0       SIN HIJOS
1442			0			2       SIN HIJOS
1443			0			0       SIN HIJOS
1444			0			3       SIN HIJOS
1445			0			2       SIN HIJOS
1446			0			2       SIN HIJOS
1447			0			2       SIN HIJOS
1448			0			1       SIN HIJOS
1449			0			0       SIN HIJOS
1450			0			2       SIN HIJOS
1451			0			0       SIN HIJOS
1452			0			0       SIN HIJOS
1453			0			0       SIN HIJOS
1454			0			1       SIN HIJOS
1455			0			3       SIN HIJOS
1456			0			3       SIN HIJOS
1457			0			2       SIN HIJOS
1458			0			1       SIN HIJOS
1459			0			0       SIN HIJOS
1460			0			0       SIN HIJOS
1461			0			0       SIN HIJOS
1462			0			2       SIN HIJOS
1463			0			1       SIN HIJOS
1464			0			1       SIN HIJOS
1465			0			1       SIN HIJOS
1466			0			3       SIN HIJOS
1467			0			3       SIN HIJOS
1468			0			0       SIN HIJOS
1469			0			1       SIN HIJOS
1470			0			0       SIN HIJOS
1471			0			3       SIN HIJOS
1472			0			3       SIN HIJOS
1473			0			0       SIN HIJOS
1474			0			3       SIN HIJOS
1475			0			1       SIN HIJOS
1476			0			1       SIN HIJOS
1477			0			3       SIN HIJOS
1478			0			2       SIN HIJOS
1479			0			0       SIN HIJOS
1480			0			3       SIN HIJOS
1481			0			2       SIN HIJOS
1482			0			2       SIN HIJOS
1483			0			3       SIN HIJOS
1484			0			3       SIN HIJOS
1485			0			0       SIN HIJOS
1486			0			0       SIN HIJOS
1487			0			1       SIN HIJOS
1488			0			1       SIN HIJOS
1489			0			1       SIN HIJOS
1490			0			2       SIN HIJOS
1491			0			3       SIN HIJOS
1492			0			1       SIN HIJOS
1493			0			3       SIN HIJOS
1494			0			3       SIN HIJOS
1495			0			1       SIN HIJOS
1496			0			2       SIN HIJOS
1497			0			2       SIN HIJOS
1498			0			0       SIN HIJOS
1499			0			1       SIN HIJOS
1500			0			2       SIN HIJOS
1501			0			1       SIN HIJOS
1502			0			3       SIN HIJOS
1503			0			3       SIN HIJOS
1504			0			3       SIN HIJOS
1505			0			3       SIN HIJOS
1506			0			0       SIN HIJOS
1507			0			1       SIN HIJOS
1508			0			0       SIN HIJOS
1509			0			2       SIN HIJOS
1510			0			3       SIN HIJOS
1511			0			1       SIN HIJOS
1512			0			2       SIN HIJOS
1513			0			3       SIN HIJOS
1514			0			0       SIN HIJOS
1515			0			2       SIN HIJOS
1516			0			0       SIN HIJOS
1517			0			0       SIN HIJOS
1518			0			3       SIN HIJOS
1519			0			3       SIN HIJOS
1520			0			3       SIN HIJOS
1521			0			0       SIN HIJOS
1522			0			1       SIN HIJOS
1523			0			1       SIN HIJOS
1524			0			3       SIN HIJOS
1525			0			3       SIN HIJOS
1526			0			0       SIN HIJOS
1527			0			0       SIN HIJOS
1528			0			0       SIN HIJOS
1529			0			3       SIN HIJOS
1530			0			3       SIN HIJOS
1531			0			1       SIN HIJOS
1532			0			1       SIN HIJOS
1533			0			0       SIN HIJOS
1534			0			0       SIN HIJOS
1535			0			2       SIN HIJOS
1536			0			1       SIN HIJOS
1537			0			1       SIN HIJOS
1538			0			3       SIN HIJOS
1539			0			1       SIN HIJOS
1540			0			1       SIN HIJOS
1541			0			1       SIN HIJOS
1542			0			2       SIN HIJOS
1543			0			1       SIN HIJOS
1544			0			3       SIN HIJOS
1545			0			3       SIN HIJOS
1546			0			3       SIN HIJOS
1547			0			1       SIN HIJOS
1548			0			2       SIN HIJOS
1549			0			2       SIN HIJOS
1550			0			0       SIN HIJOS
1551			0			0       SIN HIJOS
1552			0			3       SIN HIJOS
1553			0			2       SIN HIJOS
1554			0			0       SIN HIJOS
1555			0			2       SIN HIJOS
1556			0			2       SIN HIJOS
1557			0			1       SIN HIJOS
1558			0			3       SIN HIJOS
1559			0			1       SIN HIJOS
1560			0			3       SIN HIJOS
1561			0			3       SIN HIJOS
1562			0			2       SIN HIJOS
1563			0			1       SIN HIJOS
1564			0			2       SIN HIJOS
1565			0			2       SIN HIJOS
1566			0			1       SIN HIJOS
1567			0			1       SIN HIJOS
1568			0			3       SIN HIJOS
1569			0			2       SIN HIJOS
1570			0			3       SIN HIJOS
1571			0			3       SIN HIJOS
1572			0			2       SIN HIJOS
1573			0			3       SIN HIJOS
1574			0			1       SIN HIJOS
1575			0			1       SIN HIJOS
1576			0			1       SIN HIJOS
1577			0			2       SIN HIJOS
1578			0			0       SIN HIJOS
1579			0			2       SIN HIJOS
1580			0			1       SIN HIJOS
1581			0			0       SIN HIJOS
1582			0			2       SIN HIJOS
1583			0			1       SIN HIJOS
1584			0			1       SIN HIJOS
1585			0			3       SIN HIJOS
1586			0			1       SIN HIJOS
1587			0			2       SIN HIJOS
1588			0			2       SIN HIJOS
1589			0			3       SIN HIJOS
1590			0			0       SIN HIJOS
1591			0			3       SIN HIJOS
1592			0			0       SIN HIJOS
1593			0			2       SIN HIJOS
1594			0			3       SIN HIJOS
1595			0			0       SIN HIJOS
1596			0			3       SIN HIJOS
1597			0			0       SIN HIJOS
1598			0			0       SIN HIJOS
1599			0			3       SIN HIJOS
1600			0			3       SIN HIJOS
1601			0			3       SIN HIJOS
1602			0			1       SIN HIJOS
1603			0			1       SIN HIJOS
1604			0			1       SIN HIJOS
1605			0			0       SIN HIJOS
1606			0			2       SIN HIJOS
1607			0			3       SIN HIJOS
1608			0			0       SIN HIJOS
1609			0			1       SIN HIJOS
1610			0			1       SIN HIJOS
1611			0			3       SIN HIJOS
1612			0			1       SIN HIJOS
1613			0			1       SIN HIJOS
1614			0			1       SIN HIJOS
1615			0			0       SIN HIJOS
1616			0			3       SIN HIJOS
1617			0			3       SIN HIJOS
1618			0			3       SIN HIJOS
1619			0			1       SIN HIJOS
1620			0			0       SIN HIJOS
1621			0			3       SIN HIJOS
1622			0			1       SIN HIJOS
1623			0			3       SIN HIJOS
1624			0			2       SIN HIJOS
1625			0			0       SIN HIJOS
1626			0			2       SIN HIJOS
1627			0			2       SIN HIJOS
1628			0			2       SIN HIJOS
1629			0			0       SIN HIJOS
1630			0			0       SIN HIJOS
1631			0			0       SIN HIJOS
1632			0			0       SIN HIJOS
1633			0			3       SIN HIJOS
1634			0			3       SIN HIJOS
1635			0			2       SIN HIJOS
1636			0			2       SIN HIJOS
1637			0			0       SIN HIJOS
1638			0			1       SIN HIJOS
1639			0			2       SIN HIJOS
1640			0			0       SIN HIJOS
1641			0			3       SIN HIJOS
1642			0			0       SIN HIJOS
1643			0			3       SIN HIJOS
1644			0			3       SIN HIJOS
1645			0			1       SIN HIJOS
1646			0			2       SIN HIJOS
1647			0			3       SIN HIJOS
1648			0			3       SIN HIJOS
1649			0			3       SIN HIJOS
1650			0			2       SIN HIJOS
1651			0			0       SIN HIJOS
1652			0			3       SIN HIJOS
1653			0			3       SIN HIJOS
1654			0			0       SIN HIJOS
1655			0			3       SIN HIJOS
1656			0			1       SIN HIJOS
1657			0			1       SIN HIJOS
1658			0			1       SIN HIJOS
1659			0			0       SIN HIJOS
1660			0			3       SIN HIJOS
1661			0			0       SIN HIJOS
1662			0			1       SIN HIJOS
1663			0			1       SIN HIJOS
1664			0			3       SIN HIJOS
1665			0			3       SIN HIJOS
1666			0			3       SIN HIJOS
1667			0			3       SIN HIJOS
1668			0			3       SIN HIJOS
1669			0			0       SIN HIJOS
1670			0			0       SIN HIJOS
1671			0			3       SIN HIJOS
1672			0			2       SIN HIJOS
1673			0			0       SIN HIJOS
1674			0			0       SIN HIJOS
1675			0			2       SIN HIJOS
1676			0			2       SIN HIJOS
1677			0			1       SIN HIJOS
1678			0			0       SIN HIJOS
1679			0			1       SIN HIJOS
1680			0			0       SIN HIJOS
1681			0			2       SIN HIJOS
1682			0			2       SIN HIJOS
1683			0			2       SIN HIJOS
1684			0			3       SIN HIJOS
1685			0			3       SIN HIJOS
1686			0			0       SIN HIJOS
1687			0			2       SIN HIJOS
1688			0			1       SIN HIJOS
1689			0			2       SIN HIJOS
1690			0			2       SIN HIJOS
1691			0			1       SIN HIJOS
1692			0			0       SIN HIJOS
1693			0			3       SIN HIJOS
1694			0			3       SIN HIJOS
1695			0			1       SIN HIJOS
1696			0			2       SIN HIJOS
1697			0			1       SIN HIJOS
1698			0			0       SIN HIJOS
1699			0			2       SIN HIJOS
1700			0			2       SIN HIJOS
1701			0			3       SIN HIJOS
1702			0			1       SIN HIJOS
1703			0			3       SIN HIJOS
1704			0			1       SIN HIJOS
1705			0			0       SIN HIJOS
1706			0			2       SIN HIJOS
1707			0			0       SIN HIJOS
1708			0			2       SIN HIJOS
1709			0			0       SIN HIJOS
1710			0			3       SIN HIJOS
1711			0			3       SIN HIJOS
1712			0			2       SIN HIJOS
1713			0			0       SIN HIJOS
1714			0			0       SIN HIJOS
1715			0			0       SIN HIJOS
1716			0			0       SIN HIJOS
1717			0			1       SIN HIJOS
1718			0			2       SIN HIJOS
1719			0			0       SIN HIJOS
1720			0			2       SIN HIJOS
1721			0			2       SIN HIJOS
1722			0			0       SIN HIJOS
1723			0			1       SIN HIJOS
1724			0			3       SIN HIJOS
1725			0			2       SIN HIJOS
1726			0			3       SIN HIJOS
1727			0			0       SIN HIJOS
1728			0			3       SIN HIJOS
1729			0			3       SIN HIJOS
1730			0			2       SIN HIJOS
1731			0			1       SIN HIJOS
1732			0			2       SIN HIJOS
1733			0			1       SIN HIJOS
1734			0			3       SIN HIJOS
1735			0			3       SIN HIJOS
1736			0			1       SIN HIJOS
1737			0			0       SIN HIJOS
1738			0			0       SIN HIJOS
1739			0			2       SIN HIJOS
1740			0			3       SIN HIJOS
1741			0			2       SIN HIJOS
1742			0			3       SIN HIJOS
1743			0			3       SIN HIJOS
1744			0			2       SIN HIJOS
1745			0			2       SIN HIJOS
1746			0			3       SIN HIJOS
1747			0			0       SIN HIJOS
1748			0			3       SIN HIJOS
1749			0			3       SIN HIJOS
1750			0			0       SIN HIJOS
1751			0			1       SIN HIJOS
1752			0			1       SIN HIJOS
1753			0			1       SIN HIJOS
1754			0			3       SIN HIJOS
1755			0			0       SIN HIJOS
1756			0			3       SIN HIJOS
1757			0			3       SIN HIJOS
1758			0			0       SIN HIJOS
1759			0			2       SIN HIJOS
1760			0			1       SIN HIJOS
1761			0			0       SIN HIJOS
1762			0			2       SIN HIJOS
1763			0			0       SIN HIJOS
1764			0			3       SIN HIJOS
1765			0			3       SIN HIJOS
1766			0			2       SIN HIJOS
1767			0			2       SIN HIJOS
1768			0			3       SIN HIJOS
1769			0			3       SIN HIJOS
1770			0			0       SIN HIJOS
1771			0			3       SIN HIJOS
1772			0			2       SIN HIJOS
1773			0			3       SIN HIJOS
1774			0			1       SIN HIJOS
1775			0			3       SIN HIJOS
1776			0			2       SIN HIJOS
1777			0			2       SIN HIJOS
1778			0			3       SIN HIJOS
1779			0			0       SIN HIJOS
1780			0			3       SIN HIJOS
1781			0			0       SIN HIJOS
1782			0			0       SIN HIJOS
1783			0			2       SIN HIJOS
1784			0			1       SIN HIJOS
1785			0			0       SIN HIJOS
1786			0			0       SIN HIJOS
1787			0			3       SIN HIJOS
1788			0			0       SIN HIJOS
1789			0			0       SIN HIJOS
1790			0			2       SIN HIJOS
1791			0			3       SIN HIJOS
1792			0			1       SIN HIJOS
1793			0			0       SIN HIJOS
1794			0			3       SIN HIJOS
1795			0			1       SIN HIJOS
1796			0			2       SIN HIJOS
1797			0			0       SIN HIJOS
1798			0			3       SIN HIJOS
1799			0			0       SIN HIJOS
1800			0			1       SIN HIJOS
1801			0			1       SIN HIJOS
1802			0			1       SIN HIJOS
1803			0			3       SIN HIJOS
1804			0			1       SIN HIJOS
1805			0			3       SIN HIJOS
1806			0			3       SIN HIJOS
1807			0			2       SIN HIJOS
1808			0			0       SIN HIJOS
1809			0			2       SIN HIJOS
1810			0			1       SIN HIJOS
1811			0			3       SIN HIJOS
1812			0			0       SIN HIJOS
1813			0			1       SIN HIJOS
1814			0			1       SIN HIJOS
1815			0			2       SIN HIJOS
1816			0			3       SIN HIJOS
1817			0			2       SIN HIJOS
1818			0			1       SIN HIJOS
1819			0			1       SIN HIJOS
1820			0			2       SIN HIJOS
1821			0			0       SIN HIJOS
1822			0			1       SIN HIJOS
1823			0			0       SIN HIJOS
1824			0			1       SIN HIJOS
1825			0			0       SIN HIJOS
1826			0			1       SIN HIJOS
1827			0			2       SIN HIJOS
1828			0			2       SIN HIJOS
1829			0			0       SIN HIJOS
1830			0			0       SIN HIJOS
1831			0			2       SIN HIJOS
1832			0			1       SIN HIJOS
1833			0			2       SIN HIJOS
1834			0			0       SIN HIJOS
1835			0			3       SIN HIJOS
1836			0			3       SIN HIJOS
1837			0			3       SIN HIJOS
1838			0			3       SIN HIJOS
1839			0			1       SIN HIJOS
1840			0			0       SIN HIJOS
1841			0			1       SIN HIJOS
1842			0			3       SIN HIJOS
1843			0			1       SIN HIJOS
1844			0			2       SIN HIJOS
1845			0			0       SIN HIJOS
1846			0			0       SIN HIJOS
1847			0			1       SIN HIJOS
1848			0			1       SIN HIJOS
1849			0			3       SIN HIJOS
1850			0			0       SIN HIJOS
1851			0			2       SIN HIJOS
1852			0			2       SIN HIJOS
1853			0			0       SIN HIJOS
1854			0			2       SIN HIJOS
1855			0			0       SIN HIJOS
1856			0			3       SIN HIJOS
1857			0			3       SIN HIJOS
1858			0			0       SIN HIJOS
1859			0			1       SIN HIJOS
1860			0			3       SIN HIJOS
1861			0			3       SIN HIJOS
1862			0			3       SIN HIJOS
1863			0			3       SIN HIJOS
1864			0			2       SIN HIJOS
1865			0			3       SIN HIJOS
1866			0			3       SIN HIJOS
1867			0			1       SIN HIJOS
1868			0			1       SIN HIJOS
1869			0			2       SIN HIJOS
1870			0			1       SIN HIJOS
1871			0			2       SIN HIJOS
1872			0			0       SIN HIJOS
1873			0			0       SIN HIJOS
1874			0			3       SIN HIJOS
1875			0			3       SIN HIJOS
1876			0			2       SIN HIJOS
1877			0			3       SIN HIJOS
1878			0			3       SIN HIJOS
1879			0			3       SIN HIJOS
1880			0			1       SIN HIJOS
1881			0			3       SIN HIJOS
1882			0			1       SIN HIJOS
1883			0			2       SIN HIJOS
1884			0			3       SIN HIJOS
1885			0			2       SIN HIJOS
1886			0			0       SIN HIJOS
1887			0			3       SIN HIJOS
1888			0			2       SIN HIJOS
1889			0			1       SIN HIJOS
1890			0			1       SIN HIJOS
1891			0			1       SIN HIJOS
1892			0			1       SIN HIJOS
1893			0			1       SIN HIJOS
1894			0			0       SIN HIJOS
1895			0			3       SIN HIJOS
1896			0			1       SIN HIJOS
1897			0			3       SIN HIJOS
1898			0			0       SIN HIJOS
1899			0			3       SIN HIJOS
1900			0			0       SIN HIJOS
1901			0			1       SIN HIJOS
1902			0			3       SIN HIJOS
1903			0			3       SIN HIJOS
1904			0			2       SIN HIJOS
1905			0			2       SIN HIJOS
1906			0			0       SIN HIJOS
1907			0			3       SIN HIJOS
1908			0			3       SIN HIJOS
1909			0			1       SIN HIJOS
1910			0			0       SIN HIJOS
1911			0			1       SIN HIJOS
1912			0			2       SIN HIJOS
1913			0			2       SIN HIJOS
1914			0			2       SIN HIJOS
1915			0			2       SIN HIJOS
1916			0			1       SIN HIJOS
1917			0			0       SIN HIJOS
1918			0			3       SIN HIJOS
1919			0			2       SIN HIJOS
1920			0			3       SIN HIJOS
1921			0			2       SIN HIJOS
1922			0			3       SIN HIJOS
1923			0			3       SIN HIJOS
1924			0			0       SIN HIJOS
1925			0			3       SIN HIJOS
1926			0			1       SIN HIJOS
1927			0			2       SIN HIJOS
1928			0			1       SIN HIJOS
1929			0			2       SIN HIJOS
1930			0			2       SIN HIJOS
1931			0			1       SIN HIJOS
1932			0			1       SIN HIJOS
1933			0			2       SIN HIJOS
1934			0			3       SIN HIJOS
1935			0			3       SIN HIJOS
1936			0			1       SIN HIJOS
1937			0			3       SIN HIJOS
1938			0			3       SIN HIJOS
1939			0			3       SIN HIJOS
1940			0			1       SIN HIJOS
1941			0			3       SIN HIJOS
1942			0			2       SIN HIJOS
1943			0			2       SIN HIJOS
1944			0			0       SIN HIJOS
1945			0			1       SIN HIJOS
1946			0			1       SIN HIJOS
1947			0			0       SIN HIJOS
1948			0			1       SIN HIJOS
1949			0			2       SIN HIJOS
1950			0			3       SIN HIJOS
1951			0			0       SIN HIJOS
1952			0			0       SIN HIJOS
1953			0			3       SIN HIJOS
1954			0			2       SIN HIJOS
1955			0			1       SIN HIJOS
1956			0			1       SIN HIJOS
1957			0			0       SIN HIJOS
1958			0			0       SIN HIJOS
1959			0			1       SIN HIJOS
1960			0			1       SIN HIJOS
1961			0			0       SIN HIJOS
1962			0			2       SIN HIJOS
1963			0			1       SIN HIJOS
1964			0			3       SIN HIJOS
1965			0			3       SIN HIJOS
1966			0			0       SIN HIJOS
1967			0			3       SIN HIJOS
1968			0			1       SIN HIJOS
1969			0			3       SIN HIJOS
1970			0			3       SIN HIJOS
1971			0			3       SIN HIJOS
1972			0			0       SIN HIJOS
1973			0			3       SIN HIJOS
1974			0			2       SIN HIJOS
1975			0			2       SIN HIJOS
1976			0			0       SIN HIJOS
1977			0			3       SIN HIJOS
1978			0			1       SIN HIJOS
1979			0			2       SIN HIJOS
1980			0			1       SIN HIJOS
1981			0			2       SIN HIJOS
1982			0			1       SIN HIJOS
1983			0			1       SIN HIJOS
1984			0			3       SIN HIJOS
1985			0			3       SIN HIJOS
1986			0			2       SIN HIJOS
1987			0			2       SIN HIJOS
1988			0			3       SIN HIJOS
1989			0			0       SIN HIJOS
1990			0			0       SIN HIJOS
1991			0			3       SIN HIJOS
1992			0			0       SIN HIJOS
1993			0			2       SIN HIJOS
1994			0			2       SIN HIJOS
1995			0			1       SIN HIJOS
1996			0			3       SIN HIJOS
1997			0			3       SIN HIJOS
1998			0			2       SIN HIJOS
1999			0			1       SIN HIJOS
2000			0			3       SIN HIJOS
2001			0			2       SIN HIJOS
2002			0			0       SIN HIJOS
2003			0			1       SIN HIJOS
2004			0			1       SIN HIJOS
2005			0			3       SIN HIJOS
2006			0			2       SIN HIJOS
2007			0			2       SIN HIJOS
2008			0			1       SIN HIJOS
2009			0			0       SIN HIJOS
2010			0			2       SIN HIJOS
2011			0			0       SIN HIJOS
2012			0			3       SIN HIJOS
2013			0			2       SIN HIJOS
2014			0			0       SIN HIJOS
2015			0			1       SIN HIJOS
2016			0			3       SIN HIJOS
2017			0			2       SIN HIJOS
2018			0			0       SIN HIJOS
2019			0			2       SIN HIJOS
2020			0			2       SIN HIJOS
2021			0			0       SIN HIJOS
2022			0			1       SIN HIJOS
2023			0			0       SIN HIJOS
2024			0			3       SIN HIJOS
2025			0			3       SIN HIJOS
2026			0			0       SIN HIJOS
2027			0			0       SIN HIJOS
2028			0			3       SIN HIJOS
2029			0			2       SIN HIJOS
2030			0			2       SIN HIJOS
2031			0			3       SIN HIJOS
2032			0			1       SIN HIJOS
2033			0			1       SIN HIJOS
2034			0			2       SIN HIJOS
2035			0			3       SIN HIJOS
2036			0			3       SIN HIJOS
2037			0			2       SIN HIJOS
2038			0			0       SIN HIJOS
2039			0			0       SIN HIJOS
2040			0			3       SIN HIJOS
2041			0			1       SIN HIJOS
2042			0			1       SIN HIJOS
2043			0			0       SIN HIJOS
2044			0			3       SIN HIJOS
2045			0			0       SIN HIJOS
2046			0			0       SIN HIJOS
2047			0			0       SIN HIJOS
2048			0			1       SIN HIJOS
