8200
8204
8208
16404
24608
36864
40984
40988
65572
65576
65580
73776
73780
81976
90172
98368
98372
114760
122956
122960
131156
131160
147548
155744
155748
155752
163948
163952
163956
172152
172156
180352
180356
180360
188556
188560
188564
196760
196764
196768
204964
213160
221356
229552
229556
237752
237756
237760
245956
262344
262348
270544
278740
278744
286940
286944
286948
295144
295148
303344
311540
311544
319740
327936
327940
336136
336140
385296
393492
393496
401692
409888
418084
418088
418092
426288
426292
426296
442684
442688
442692
450888
459084
459088
459092
467288
467292
467296
475492
483688
483692
491888
491892
491896
500092
500096
516484
532872
532876
549264
549268
557464
557468
565664
565668
565672
573868
573872
573876
582072
598460
614848
623044
623048
623052
639440
647636
647640
664028
664032
664036
680424
680428
680432
688628
696824
696828
696832
705028
705032
713228
713232
713236
721432
721436
729632
737828
762408
786988
786992
786996
795192
795196
795200
803396
819784
827980
827984
836180
836184
844380
844384
852580
852584
860780
860784
860788
868984
868988
868992
877188
877192
877196
885392
901780
901784
909980
918176
918180
926376
926380
942768
950964
950968
967356
967360
967364
975560
991948
1000144
1016532
1016536
1041116
1041120
1049316
1049320
1049324
1057520
1065716
1065720
1073916
1082112
1090308
1090312
1090316
1098512
1098516
1098520
1114908
1114912
1114916
1131304
1139500
1139504
1139508
1147704
1147708
1147712
1172292
1172296
1172300
1180496
1180500
1188696
1188700
1196896
1205092
1205096
1205100
1221488
1221492
1221496
1229692
1229696
1229700
1237896
1237900
1237904
1246100
1270680
1278876
1278880
1278884
1287080
1287084
1295280
1303476
1328056
1328060
1336256
1336260
1352648
1369036
1377232
1377236
1385432
1385436
1385440
1393636
1393640
1393644
1401840
1401844
1401848
1410044
1410048
1418244
1418248
1418252
1426448
1426452
1434648
1434652
1434656
1442852
1442856
1442860
1451056
1451060
1467448
1475644
1483840
1483844
1483848
1492044
1492048
1500244
1500248
1508444
1508448
1516644
1516648
1524844
1524848
1524852
1533048
1533052
1533056
1557636
1557640
1557644
1574032
1574036
1574040
1590428
1590432
1598628
1598632
1606828
1615024
1615028
1623224
1623228
1623232
1631428
1631432
1631436
1639632
1647828
1647832
1664220
1680608
1680612
1680616
1688812
1697008
1705204
1721592
1729788
1746176
1746180
1754376
1754380
1754384
1762580
1770776
1778972
1778976
1778980
1787176
1795372
1795376
1795380
1803576
1803580
1811776
1811780
1811784
1819980
1836368
1836372
1844568
1852764
1860960
1869156
1869160
1869164
1893744
1901940
1901944
1901948
1910144
1910148
1910152
1918348
1926544
1934740
1934744
1942940
1942944
1959332
1959336
1967532
1967536
1967540
1975736
1975740
1983936
1983940
1983944
1992140
2008528
2008532
2016728
2016732
2016736
2024932
2033128
2033132
2033136
2041332
2041336
2041340
2049536
2049540
2049544
2065932
2065936
2065940
2074136
2082332
2082336
2082340
2090536
2090540
2090544
2098740
2098744
2106940
2106944
2106948
2115144
2123340
2123344
2123348
2172504
2172508
2172512
2180708
2180712
2188908
2197104
2229876
2229880
2229884
2238080
2246276
2246280
2246284
2262672
2262676
2262680
2279068
2295456
2303652
2320040
2320044
2328240
2336436
2336440
2344636
2344640
2369220
2377416
2377420
2385616
2393812
2393816
2393820
2402016
2402020
2410216
2410220
2410224
2418420
2418424
2418428
2426624
2426628
2426632
2434828
2434832
2443028
2443032
2451228
2451232
2451236
2467624
2467628
2467632
2484020
2484024
2516796
2516800
2516804
2541384
2541388
2557776
2565972
2565976
2574172
2582368
2582372
2590568
2590572
2606960
2606964
2615160
2615164
2615168
2623364
2623368
2639756
2647952
2647956
2664344
2664348
2680736
2680740
2688936
2688940
2697136
2697140
2697144
2705340
2705344
2713540
2713544
2713548
2721744
2721748
2729944
2729948
2738144
2746340
2754536
2754540
2762736
2770932
2770936
2770940
2779136
2787332
2787336
2787340
2795536
2795540
2803736
2811932
2820128
2828324
2828328
2836524
2836528
2844724
2844728
2844732
2861120
2869316
2869320
2877516
2885712
2902100
2902104
2910300
2910304
2910308
2918504
2918508
2918512
2934900
2934904
2934908
2943104
2967684
2975880
2975884
2975888
2984084
3000472
3000476
3000480
3008676
3008680
3008684
3016880
3025076
3025080
3033276
3033280
3033284
3041480
3041484
3057872
3066068
3066072
3066076
3074272
3082468
3082472
3082476
3090672
3098868
3098872
3107068
3115264
3115268
3123464
3123468
3123472
3131668
3131672
3131676
3139872
3148068
3148072
3156268
3172656
3172660
3172664
3189052
3189056
3189060
3197256
3197260
3205456
3213652
3213656
3221852
3221856
3221860
3238248
3254636
3254640
3262836
3271032
3271036
3271040
3279236
3295624
3295628
3303824
3303828
3312024
3312028
3312032
3320228
3320232
3320236
3336624
3336628
3344824
3353020
3353024
3353028
3361224
3369420
3394000
3402196
3402200
3402204
3418592
3418596
3434984
3434988
3443184
3443188
3443192
3459580
3459584
3467780
3475976
3475980
3484176
3492372
3492376
3508764
3508768
3508772
3533352
3541548
3541552
3549748
3549752
3549756
3557952
3566148
3566152
3582540
3582544
3590740
3590744
3590748
3607136
3615332
3615336
3615340
3623536
3631732
3631736
3639932
3639936
3656324
3656328
3656332
3672720
3672724
3680920
3689116
3713696
3713700
3713704
3721900
3721904
3730100
3730104
3738300
3746496
3746500
3762888
3771084
3771088
3779284
3779288
3787484
3787488
3787492
3795688
3795692
3803888
3812084
3812088
3812092
3820288
3820292
3828488
3836684
3836688
3836692
3844888
3844892
3844896
3861284
3869480
3877676
3877680
3885876
3885880
3885884
3902272
3902276
3902280
3910476
3918672
3926868
3926872
3935068
3935072
3959652
3959656
3967852
3967856
3967860
3992440
3992444
3992448
4000644
4000648
4000652
4008848
4017044
4017048
4025244
4025248
4025252
4041640
4041644
4041648
4049844
4049848
4049852
4058048
4082628
4099016
4107212
4115408
4123604
4123608
4123612
4148192
4148196
4156392
4156396
4156400
4164596
4164600
4172796
4172800
4197380
4197384
4197388
4213776
4221972
4221976
4221980
4230176
4238372
4238376
4238380
4262960
4279348
4279352
4279356
4287552
4287556
4303944
4312140
4312144
4312148
4320344
4320348
4320352
4336740
4344936
4353132
4369520
4369524
4377720
4377724
4377728
4385924
4394120
4394124
4402320
4435092
4435096
4451484
4451488
4451492
4459688
4467884
4476080
4476084
4476088
4500668
4500672
4500676
4508872
4508876
4508880
4517076
4525272
4533468
4549856
4549860
4558056
4558060
4558064
4566260
4566264
4582652
4582656
4590852
4590856
4599052
4599056
4599060
4607256
4607260
4607264
4615460
4615464
4615468
4623664
4640052
4656440
4656444
4656448
4664644
4672840
4681036
4681040
4689236
4689240
4697436
4697440
4713828
4730216
4730220
4738416
4738420
4746616
4746620
4746624
4754820
4763016
4763020
4771216
4779412
4779416
4779420
4795808
4820388
4820392
4828588
4828592
4828596
4836792
4861372
4861376
4869572
4869576
4877772
4877776
4877780
4885976
4894172
4902368
4910564
4910568
4910572
4918768
4918772
4918776
4926972
4926976
4926980
4935176
4935180
4943376
4943380
4959768
4959772
4967968
4976164
4992552
5008940
5008944
5017140
5025336
5025340
5033536
5041732
5049928
5049932
5049936
5074516
5074520
5074524
5082720
5099108
5099112
5099116
5107312
5123700
5123704
5131900
5131904
5131908
5140104
5140108
5140112
5148308
5148312
5156508
5156512
5156516
5164712
5164716
5164720
5172916
5172920
5181116
5181120
5189316
5197512
5197516
5197520
5205716
5205720
5213916
5213920
5222116
5222120
5230316
5230320
5246708
5263096
5263100
5271296
5279492
5279496
5304076
5304080
5304084
5312280
5320476
5320480
5328676
5328680
5328684
5361456
5361460
5369656
5369660
5369664
5386052
5386056
5386060
5394256
5394260
5402456
5402460
5410656
5410660
5418856
5418860
5435248
5451636
5459832
5459836
5459840
5484420
5500808
5509004
5509008
5509012
5525400
5525404
5525408
5533604
5533608
5541804
5541808
5558196
5566392
5566396
5574592
5582788
5582792
5590988
5590992
5599188
5615576
5623772
5640160
5640164
5656552
5656556
5672944
5672948
5672952
5697532
